0 0 0 0 0 0 0
1 1e-12 3.1673e-15 5.9906e-16 2.3548e-16 1.2341e-16 7.4946e-17
2 1.1e-11 3.4841e-14 6.5896e-15 2.5903e-15 1.3575e-15 8.2441e-16
3 1.11e-10 3.5157e-13 6.6496e-14 2.6139e-14 1.3698e-14 8.319e-15
4 1.111e-09 3.5189e-12 6.6555e-13 2.6162e-13 1.3711e-13 8.3265e-14
5 1.1111e-08 3.5192e-11 6.6561e-12 2.6165e-12 1.3712e-12 8.3273e-13
6 1.1111e-07 3.5192e-10 6.6562e-11 2.6165e-11 1.3712e-11 8.3273e-12
7 1.1111e-06 3.5193e-09 6.6562e-10 2.6165e-10 1.3712e-10 8.3273e-11
8 1.1111e-05 3.5193e-08 6.6562e-09 2.6165e-09 1.3712e-09 8.3273e-10
9 0.00011111 3.5193e-07 6.6562e-08 2.6165e-08 1.3712e-08 8.3273e-09
10 0.0011111 3.5193e-06 6.6562e-07 2.6165e-07 1.3712e-07 8.3273e-08
11 0.011111 3.5193e-05 6.6562e-06 2.6165e-06 1.3712e-06 8.3273e-07
12 0.11111 0.00035193 6.6562e-05 2.6165e-05 1.3712e-05 8.3273e-06
13 1.1111 0.0035193 0.00066562 0.00026165 0.00013712 8.3273e-05
14 11.111 0.035193 0.0066562 0.0026165 0.0013712 0.00083273
15 111.11 0.35193 0.066562 0.026165 0.013712 0.0083273
16 311.11 0.98539 0.18637 0.073262 0.038394 0.023317
17 511.11 1.6189 0.30619 0.12036 0.063075 0.038306
18 711.11 2.2523 0.426 0.16746 0.087757 0.053295
19 911.11 2.8858 0.54581 0.21455 0.11244 0.068284
20 1111.1 3.5193 0.66562 0.26165 0.13712 0.083273
21 1311.1 4.1527 0.78543 0.30875 0.1618 0.098263
22 1511.1 4.7862 0.90524 0.35584 0.18648 0.11325
23 1711.1 5.4196 1.0251 0.40294 0.21117 0.12824
24 1911.1 6.0531 1.1449 0.45004 0.23585 0.14323
25 2111.1 6.6866 1.2647 0.49713 0.26053 0.15822
26 2311.1 7.32 1.3845 0.54423 0.28521 0.17321
27 2511.1 7.9535 1.5043 0.59133 0.30989 0.1882
28 2711.1 8.587 1.6241 0.63843 0.33457 0.20319
29 2911.1 9.2204 1.7439 0.68552 0.35926 0.21818
30 3111.1 9.8539 1.8637 0.73262 0.38394 0.23317
31 3311.1 10.487 1.9836 0.77972 0.40862 0.24815
32 3511.1 11.121 2.1034 0.82681 0.4333 0.26314
33 3711.1 11.754 2.2232 0.87391 0.45798 0.27813
34 3911.1 12.388 2.343 0.92101 0.48266 0.29312
35 4111.1 13.021 2.4628 0.9681 0.50735 0.30811
36 4311.1 13.655 2.5826 1.0152 0.53203 0.3231
37 4511.1 14.288 2.7024 1.0623 0.55671 0.33809
38 4711.1 14.922 2.8222 1.1094 0.58139 0.35308
39 4911.1 15.555 2.942 1.1565 0.60607 0.36807
40 5111.1 16.189 3.0619 1.2036 0.63075 0.38306
41 5311.1 16.822 3.1817 1.2507 0.65544 0.39805
42 5511.1 17.455 3.3015 1.2978 0.68012 0.41304
43 5711.1 18.089 3.4213 1.3449 0.7048 0.42803
44 5911.1 18.722 3.5411 1.392 0.72948 0.44301
45 6111.1 19.356 3.6609 1.4391 0.75416 0.458
46 6311.1 19.989 3.7807 1.4862 0.77884 0.47299
47 6511.1 20.623 3.9005 1.5333 0.80353 0.48798
48 6711.1 21.256 4.0204 1.5804 0.82821 0.50297
49 6911.1 21.89 4.1402 1.6275 0.85289 0.51796
50 7111.1 22.523 4.26 1.6746 0.87757 0.53295
51 7311.1 23.157 4.3798 1.7217 0.90225 0.54794
52 7511.1 23.79 4.4996 1.7688 0.92693 0.56293
53 7711.1 24.424 4.6194 1.8158 0.95162 0.57792
54 7911.1 25.057 4.7392 1.8629 0.9763 0.59291
55 8111.1 25.691 4.859 1.91 1.001 0.6079
56 8311.1 26.324 4.9788 1.9571 1.0257 0.62289
57 8511.1 26.957 5.0987 2.0042 1.0503 0.63787
58 8711.1 27.591 5.2185 2.0513 1.075 0.65286
59 8911.1 28.224 5.3383 2.0984 1.0997 0.66785
60 9111.1 28.858 5.4581 2.1455 1.1244 0.68284
61 9311.1 29.491 5.5779 2.1926 1.1491 0.69783
62 9511.1 30.125 5.6977 2.2397 1.1738 0.71282
63 9711.1 30.758 5.8175 2.2868 1.1984 0.72781
64 9911.1 31.392 5.9373 2.3339 1.2231 0.7428
65 10111 32.025 6.0572 2.381 1.2478 0.75779
66 10311 32.659 6.177 2.4281 1.2725 0.77278
67 10511 33.292 6.2968 2.4752 1.2972 0.78777
68 10711 33.926 6.4166 2.5223 1.3218 0.80276
69 10911 34.559 6.5364 2.5694 1.3465 0.81775
70 11111 35.193 6.6562 2.6165 1.3712 0.83273
71 11311 35.826 6.776 2.6636 1.3959 0.84772
72 11511 36.459 6.8958 2.7107 1.4206 0.86271
73 11711 37.093 7.0156 2.7578 1.4452 0.8777
74 11911 37.726 7.1355 2.8049 1.4699 0.89269
75 12111 38.36 7.2553 2.852 1.4946 0.90768
76 12311 38.993 7.3751 2.8991 1.5193 0.92267
77 12511 39.627 7.4949 2.9462 1.544 0.93766
78 12711 40.26 7.6147 2.9933 1.5687 0.95265
79 12911 40.894 7.7345 3.0404 1.5933 0.96764
80 13111 41.527 7.8543 3.0875 1.618 0.98263
81 13311 42.161 7.9741 3.1346 1.6427 0.99762
82 13511 42.794 8.094 3.1817 1.6674 1.0126
83 13711 43.428 8.2138 3.2288 1.6921 1.0276
84 13911 44.061 8.3336 3.2759 1.7167 1.0426
85 14111 44.694 8.4534 3.323 1.7414 1.0576
86 14311 45.328 8.5732 3.37 1.7661 1.0726
87 14511 45.961 8.693 3.4171 1.7908 1.0876
88 14711 46.595 8.8128 3.4642 1.8155 1.1025
89 14911 47.228 8.9326 3.5113 1.8402 1.1175
90 15111 47.862 9.0524 3.5584 1.8648 1.1325
91 15311 48.495 9.1723 3.6055 1.8895 1.1475
92 15511 49.129 9.2921 3.6526 1.9142 1.1625
93 15711 49.762 9.4119 3.6997 1.9389 1.1775
94 15911 50.396 9.5317 3.7468 1.9636 1.1925
95 16111 51.029 9.6515 3.7939 1.9882 1.2075
96 16311 51.663 9.7713 3.841 2.0129 1.2225
97 16511 52.296 9.8911 3.8881 2.0376 1.2374
98 16711 52.93 10.011 3.9352 2.0623 1.2524
99 16911 53.563 10.131 3.9823 2.087 1.2674
100 17111 54.196 10.251 4.0294 2.1117 1.2824
101 17311 54.83 10.37 4.0765 2.1363 1.2974
102 17511 55.463 10.49 4.1236 2.161 1.3124
103 17711 56.097 10.61 4.1707 2.1857 1.3274
104 17911 56.73 10.73 4.2178 2.2104 1.3424
105 18111 57.364 10.85 4.2649 2.2351 1.3574
106 18311 57.997 10.969 4.312 2.2597 1.3723
107 18511 58.631 11.089 4.3591 2.2844 1.3873
108 18711 59.264 11.209 4.4062 2.3091 1.4023
109 18911 59.898 11.329 4.4533 2.3338 1.4173
110 19111 60.531 11.449 4.5004 2.3585 1.4323
111 19311 61.165 11.568 4.5475 2.3832 1.4473
112 19511 61.798 11.688 4.5946 2.4078 1.4623
113 19711 62.432 11.808 4.6417 2.4325 1.4773
114 19911 63.065 11.928 4.6888 2.4572 1.4923
115 20000 63.347 11.981 4.7097 2.4682 1.4989
