0 0 0 0 0 0
1 1e-12 1.4693e-15 4.4418e-16 2.212e-16 1.361e-16
2 1.1e-11 1.6162e-14 4.886e-15 2.4332e-15 1.4971e-15
3 1.11e-10 1.6309e-13 4.9304e-14 2.4553e-14 1.5107e-14
4 1.111e-09 1.6322e-12 4.9345e-13 2.4574e-13 1.512e-13
5 1.1111e-08 1.6302e-11 4.9317e-12 2.4565e-12 1.5117e-12
6 1.1111e-07 1.6106e-10 4.9005e-11 2.446e-11 1.5068e-11
7 1.1111e-06 1.5062e-09 4.6909e-10 2.3669e-10 1.4675e-10
8 1.1111e-05 1.185e-08 3.9966e-09 2.0816e-09 1.3144e-09
9 0.00011111 3.9536e-08 1.9838e-08 1.2252e-08 8.5053e-09
10 0.0011111 3.7378e-08 2.3282e-08 1.7829e-08 1.4399e-08
11 0.011111 2.8339e-08 1.8085e-08 1.3413e-08 9.0071e-09
12 0.036111 1.8725e-08 1.2281e-08 8.7943e-09 5.2999e-09
13 0.061111 1.4392e-08 9.51e-09 6.7147e-09 3.9432e-09
14 0.086111 1.1844e-08 7.8593e-09 5.5214e-09 3.2316e-09
15 0.11111 1.0147e-08 6.7568e-09 4.7449e-09 2.7969e-09
16 0.13611 8.9301e-09 5.9669e-09 4.2004e-09 2.5084e-09
17 0.38611 4.6371e-09 3.2296e-09 2.454e-09 1.8013e-09
18 2.8861 2.8016e-09 2.0829e-09 1.954e-09 2.1963e-09
19 21.159 1.2583e-09 7.584e-10 6.2906e-10 1.2363e-09
20 32.58 9.1341e-10 5.4137e-10 4.262e-10 9.2532e-10
21 44.001 7.2097e-10 4.2476e-10 3.257e-10 7.4027e-10
22 55.421 5.989e-10 3.5187e-10 2.6593e-10 6.2037e-10
23 66.842 5.1464e-10 3.0191e-10 2.2618e-10 5.3655e-10
24 78.263 4.5294e-10 2.6546e-10 1.9775e-10 4.7465e-10
25 89.683 4.0573e-10 2.3765e-10 1.7634e-10 4.27e-10
26 101.1 3.684e-10 2.1569e-10 1.596e-10 3.8913e-10
27 112.52 3.381e-10 1.9789e-10 1.4612e-10 3.5826e-10
28 123.95 3.1297e-10 1.8314e-10 1.3501e-10 3.3258e-10
29 238.15 1.8748e-10 1.0961e-10 8.0297e-11 2.029e-10
30 438.15 1.1805e-10 6.9002e-11 5.0437e-11 1.2976e-10
31 638.15 8.9412e-11 5.2258e-11 3.8175e-11 9.9155e-11
32 838.15 7.3346e-11 4.2867e-11 3.1306e-11 8.1841e-11
33 1038.2 6.2911e-11 3.6767e-11 2.6847e-11 7.0523e-11
34 1238.2 5.5518e-11 3.2446e-11 2.369e-11 6.2468e-11
35 1438.2 4.9971e-11 2.9204e-11 2.1321e-11 5.64e-11
36 1638.2 4.5635e-11 2.667e-11 1.947e-11 5.1641e-11
37 1838.2 4.214e-11 2.4627e-11 1.7978e-11 4.7795e-11
38 2038.2 3.9255e-11 2.2941e-11 1.6747e-11 4.4611e-11
39 2238.2 3.6827e-11 2.1522e-11 1.571e-11 4.1927e-11
40 2438.2 3.4752e-11 2.0309e-11 1.4825e-11 3.9629e-11
41 2638.2 3.2954e-11 1.9258e-11 1.4058e-11 3.7634e-11
42 2838.2 3.1381e-11 1.8339e-11 1.3386e-11 3.5885e-11
43 3038.2 2.999e-11 1.7526e-11 1.2793e-11 3.4337e-11
44 3238.2 2.875e-11 1.6801e-11 1.2263e-11 3.2954e-11
45 3438.2 2.7636e-11 1.615e-11 1.1788e-11 3.1711e-11
46 3638.2 2.663e-11 1.5562e-11 1.1359e-11 3.0587e-11
47 3838.2 2.5715e-11 1.5027e-11 1.0969e-11 2.9563e-11
48 4038.2 2.488e-11 1.4539e-11 1.0612e-11 2.8627e-11
49 4238.2 2.4113e-11 1.4091e-11 1.0285e-11 2.7767e-11
50 4438.2 2.3406e-11 1.3678e-11 9.9832e-12 2.6973e-11
51 4638.2 2.2753e-11 1.3296e-11 9.7042e-12 2.6238e-11
52 4838.2 2.2145e-11 1.2941e-11 9.4452e-12 2.5555e-11
53 5038.2 2.158e-11 1.261e-11 9.2039e-12 2.4919e-11
54 5238.2 2.1052e-11 1.2301e-11 8.9785e-12 2.4323e-11
55 5438.2 2.0557e-11 1.2012e-11 8.7673e-12 2.3765e-11
56 5638.2 2.0092e-11 1.1741e-11 8.569e-12 2.324e-11
57 5838.2 1.9655e-11 1.1485e-11 8.3824e-12 2.2746e-11
58 6038.2 1.9242e-11 1.1244e-11 8.2063e-12 2.2279e-11
59 6238.2 1.8852e-11 1.1016e-11 8.0398e-12 2.1838e-11
60 6438.2 1.8483e-11 1.08e-11 7.8822e-12 2.1419e-11
61 6638.2 1.8132e-11 1.0595e-11 7.7326e-12 2.1022e-11
62 6838.2 1.7799e-11 1.04e-11 7.5904e-12 2.0644e-11
63 7038.2 1.7482e-11 1.0215e-11 7.4551e-12 2.0284e-11
64 7238.2 1.7179e-11 1.0038e-11 7.326e-12 1.994e-11
65 7438.2 1.6891e-11 9.8692e-12 7.2028e-12 1.9612e-11
66 7638.2 1.6615e-11 9.7078e-12 7.0851e-12 1.9298e-11
67 7838.2 1.635e-11 9.5534e-12 6.9723e-12 1.8998e-11
68 8038.2 1.6097e-11 9.4054e-12 6.8643e-12 1.8709e-11
69 8238.2 1.5854e-11 9.2635e-12 6.7607e-12 1.8433e-11
70 8438.2 1.5621e-11 9.1271e-12 6.6611e-12 1.8167e-11
71 8638.2 1.5397e-11 8.996e-12 6.5654e-12 1.7911e-11
72 8838.2 1.5181e-11 8.8698e-12 6.4733e-12 1.7664e-11
73 9038.2 1.4973e-11 8.7482e-12 6.3845e-12 1.7427e-11
74 9238.2 1.4772e-11 8.631e-12 6.299e-12 1.7198e-11
75 9438.2 1.4579e-11 8.5179e-12 6.2164e-12 1.6977e-11
76 9638.2 1.4392e-11 8.4087e-12 6.1367e-12 1.6763e-11
77 9838.2 1.4211e-11 8.3032e-12 6.0596e-12 1.6557e-11
78 10038 1.4037e-11 8.2011e-12 5.9851e-12 1.6357e-11
79 10238 1.3868e-11 8.1022e-12 5.913e-12 1.6163e-11
80 10438 1.3704e-11 8.0065e-12 5.8431e-12 1.5976e-11
81 10638 1.3545e-11 7.9137e-12 5.7753e-12 1.5794e-11
82 10838 1.3391e-11 7.8238e-12 5.7097e-12 1.5617e-11
83 11038 1.3242e-11 7.7364e-12 5.6459e-12 1.5446e-11
84 11238 1.3097e-11 7.6517e-12 5.584e-12 1.528e-11
85 11438 1.2956e-11 7.5693e-12 5.5239e-12 1.5118e-11
86 11638 1.2819e-11 7.4892e-12 5.4654e-12 1.4961e-11
87 11838 1.2686e-11 7.4113e-12 5.4086e-12 1.4808e-11
88 12038 1.2556e-11 7.3356e-12 5.3533e-12 1.4659e-11
89 12238 1.243e-11 7.2618e-12 5.2994e-12 1.4514e-11
90 12438 1.2307e-11 7.1899e-12 5.247e-12 1.4372e-11
91 12638 1.2187e-11 7.1199e-12 5.1959e-12 1.4235e-11
92 12838 1.207e-11 7.0517e-12 5.146e-12 1.41e-11
93 13038 1.1957e-11 6.9851e-12 5.0975e-12 1.3969e-11
94 13238 1.1845e-11 6.9202e-12 5.05e-12 1.3841e-11
95 13438 1.1737e-11 6.8568e-12 5.0038e-12 1.3716e-11
96 13638 1.1631e-11 6.7949e-12 4.9586e-12 1.3594e-11
97 13838 1.1528e-11 6.7344e-12 4.9144e-12 1.3475e-11
98 14038 1.1427e-11 6.6753e-12 4.8713e-12 1.3359e-11
99 14238 1.1328e-11 6.6176e-12 4.8292e-12 1.3245e-11
100 14438 1.1231e-11 6.5611e-12 4.7879e-12 1.3134e-11
101 14638 1.1137e-11 6.5059e-12 4.7476e-12 1.3025e-11
102 14838 1.1044e-11 6.4518e-12 4.7082e-12 1.2918e-11
103 15038 1.0954e-11 6.399e-12 4.6696e-12 1.2814e-11
104 15238 1.0865e-11 6.3472e-12 4.6318e-12 1.2711e-11
105 15438 1.0778e-11 6.2965e-12 4.5948e-12 1.2611e-11
106 15638 1.0693e-11 6.2468e-12 4.5585e-12 1.2513e-11
107 15838 1.061e-11 6.1981e-12 4.523e-12 1.2417e-11
108 16038 1.0528e-11 6.1504e-12 4.4881e-12 1.2323e-11
109 16238 1.0448e-11 6.1036e-12 4.454e-12 1.223e-11
110 16438 1.037e-11 6.0577e-12 4.4205e-12 1.2139e-11
111 16638 1.0293e-11 6.0128e-12 4.3877e-12 1.205e-11
112 16838 1.0217e-11 5.9686e-12 4.3554e-12 1.1963e-11
113 17038 1.0143e-11 5.9253e-12 4.3238e-12 1.1877e-11
114 17238 1.0071e-11 5.8828e-12 4.2928e-12 1.1793e-11
115 17438 9.9992e-12 5.841e-12 4.2623e-12 1.1711e-11
116 17638 9.929e-12 5.8e-12 4.2324e-12 1.163e-11
117 17838 9.8602e-12 5.7598e-12 4.203e-12 1.155e-11
118 18038 9.7925e-12 5.7202e-12 4.1741e-12 1.1472e-11
119 18238 9.726e-12 5.6814e-12 4.1458e-12 1.1395e-11
120 18438 9.6607e-12 5.6432e-12 4.1179e-12 1.1319e-11
121 18638 9.5964e-12 5.6056e-12 4.0905e-12 1.1245e-11
122 18838 9.5333e-12 5.5687e-12 4.0635e-12 1.1171e-11
123 19038 9.4712e-12 5.5324e-12 4.037e-12 1.11e-11
124 19238 9.4101e-12 5.4967e-12 4.011e-12 1.1029e-11
125 19438 9.35e-12 5.4616e-12 3.9854e-12 1.0959e-11
126 19638 9.2909e-12 5.4271e-12 3.9601e-12 1.0891e-11
127 19819 9.2383e-12 5.3963e-12 3.9377e-12 1.083e-11
128 20000 9.1864e-12 5.366e-12 3.9155e-12 1.077e-11
