0 0 0 0 0 0
1 1e-12 1.452e-15 4.3895e-16 2.1859e-16 1.345e-16
2 1.1e-11 1.5972e-14 4.8284e-15 2.4045e-15 1.4795e-15
3 1.11e-10 1.6117e-13 4.8723e-14 2.4264e-14 1.4929e-14
4 1.111e-09 1.6132e-12 4.8767e-13 2.4286e-13 1.4943e-13
5 1.1111e-08 1.6133e-11 4.8771e-12 2.4288e-12 1.4944e-12
6 1.1111e-07 1.6133e-10 4.8772e-11 2.4288e-11 1.4944e-11
7 1.1111e-06 1.6133e-09 4.8772e-10 2.4288e-10 1.4944e-10
8 1.1111e-05 1.6133e-08 4.8772e-09 2.4288e-09 1.4944e-09
9 0.00011111 1.6133e-07 4.8772e-08 2.4288e-08 1.4944e-08
10 0.0011111 1.6133e-06 4.8772e-07 2.4288e-07 1.4944e-07
11 0.011111 1.6133e-05 4.8772e-06 2.4288e-06 1.4944e-06
12 0.11111 0.00016133 4.8772e-05 2.4288e-05 1.4944e-05
13 1.1111 0.0016133 0.00048772 0.00024288 0.00014944
14 11.111 0.016133 0.0048772 0.0024288 0.0014944
15 111.11 0.16133 0.048772 0.024288 0.014944
16 311.11 0.45173 0.13656 0.068007 0.041844
17 511.11 0.74213 0.22435 0.11173 0.068744
18 711.11 1.0325 0.31214 0.15544 0.095643
19 911.11 1.3229 0.39993 0.19916 0.12254
20 1111.1 1.6133 0.48772 0.24288 0.14944
21 1311.1 1.9037 0.57551 0.2866 0.17634
22 1511.1 2.1941 0.6633 0.33032 0.20324
23 1711.1 2.4845 0.75109 0.37404 0.23014
24 1911.1 2.7749 0.83888 0.41775 0.25704
25 2111.1 3.0653 0.92667 0.46147 0.28394
26 2311.1 3.3557 1.0145 0.50519 0.31084
27 2511.1 3.6461 1.1022 0.54891 0.33774
28 2711.1 3.9365 1.19 0.59263 0.36464
29 2911.1 4.2269 1.2778 0.63635 0.39154
30 3111.1 4.5173 1.3656 0.68007 0.41844
31 3311.1 4.8077 1.4534 0.72378 0.44534
32 3511.1 5.0981 1.5412 0.7675 0.47224
33 3711.1 5.3885 1.629 0.81122 0.49914
34 3911.1 5.6789 1.7168 0.85494 0.52604
35 4111.1 5.9693 1.8046 0.89866 0.55294
36 4311.1 6.2597 1.8923 0.94238 0.57984
37 4511.1 6.5501 1.9801 0.9861 0.60674
38 4711.1 6.8405 2.0679 1.0298 0.63364
39 4911.1 7.1309 2.1557 1.0735 0.66054
40 5111.1 7.4213 2.2435 1.1173 0.68744
41 5311.1 7.7117 2.3313 1.161 0.71434
42 5511.1 8.0021 2.4191 1.2047 0.74124
43 5711.1 8.2925 2.5069 1.2484 0.76814
44 5911.1 8.5829 2.5947 1.2921 0.79504
45 6111.1 8.8733 2.6825 1.3358 0.82194
46 6311.1 9.1637 2.7702 1.3796 0.84883
47 6511.1 9.4541 2.858 1.4233 0.87573
48 6711.1 9.7445 2.9458 1.467 0.90263
49 6911.1 10.035 3.0336 1.5107 0.92953
50 7111.1 10.325 3.1214 1.5544 0.95643
51 7311.1 10.616 3.2092 1.5982 0.98333
52 7511.1 10.906 3.297 1.6419 1.0102
53 7711.1 11.196 3.3848 1.6856 1.0371
54 7911.1 11.487 3.4726 1.7293 1.064
55 8111.1 11.777 3.5603 1.773 1.0909
56 8311.1 12.068 3.6481 1.8167 1.1178
57 8511.1 12.358 3.7359 1.8605 1.1447
58 8711.1 12.648 3.8237 1.9042 1.1716
59 8911.1 12.939 3.9115 1.9479 1.1985
60 9111.1 13.229 3.9993 1.9916 1.2254
61 9311.1 13.52 4.0871 2.0353 1.2523
62 9511.1 13.81 4.1749 2.0791 1.2792
63 9711.1 14.1 4.2627 2.1228 1.3061
64 9911.1 14.391 4.3505 2.1665 1.333
65 10111 14.681 4.4382 2.2102 1.3599
66 10311 14.972 4.526 2.2539 1.3868
67 10511 15.262 4.6138 2.2977 1.4137
68 10711 15.552 4.7016 2.3414 1.4406
69 10911 15.843 4.7894 2.3851 1.4675
70 11111 16.133 4.8772 2.4288 1.4944
71 11311 16.424 4.965 2.4725 1.5213
72 11511 16.714 5.0528 2.5162 1.5482
73 11711 17.004 5.1406 2.56 1.5751
74 11911 17.295 5.2283 2.6037 1.602
75 12111 17.585 5.3161 2.6474 1.6289
76 12311 17.876 5.4039 2.6911 1.6558
77 12511 18.166 5.4917 2.7348 1.6827
78 12711 18.456 5.5795 2.7786 1.7096
79 12911 18.747 5.6673 2.8223 1.7365
80 13111 19.037 5.7551 2.866 1.7634
81 13311 19.328 5.8429 2.9097 1.7903
82 13511 19.618 5.9307 2.9534 1.8172
83 13711 19.908 6.0185 2.9971 1.8441
84 13911 20.199 6.1062 3.0409 1.871
85 14111 20.489 6.194 3.0846 1.8979
86 14311 20.78 6.2818 3.1283 1.9248
87 14511 21.07 6.3696 3.172 1.9517
88 14711 21.36 6.4574 3.2157 1.9786
89 14911 21.651 6.5452 3.2595 2.0055
90 15111 21.941 6.633 3.3032 2.0324
91 15311 22.232 6.7208 3.3469 2.0593
92 15511 22.522 6.8086 3.3906 2.0862
93 15711 22.812 6.8963 3.4343 2.1131
94 15911 23.103 6.9841 3.478 2.14
95 16111 23.393 7.0719 3.5218 2.1669
96 16311 23.684 7.1597 3.5655 2.1938
97 16511 23.974 7.2475 3.6092 2.2207
98 16711 24.264 7.3353 3.6529 2.2476
99 16911 24.555 7.4231 3.6966 2.2745
100 17111 24.845 7.5109 3.7404 2.3014
101 17311 25.136 7.5987 3.7841 2.3283
102 17511 25.426 7.6864 3.8278 2.3552
103 17711 25.716 7.7742 3.8715 2.3821
104 17911 26.007 7.862 3.9152 2.409
105 18111 26.297 7.9498 3.959 2.4359
106 18311 26.588 8.0376 4.0027 2.4628
107 18511 26.878 8.1254 4.0464 2.4897
108 18711 27.168 8.2132 4.0901 2.5166
109 18911 27.459 8.301 4.1338 2.5435
110 19111 27.749 8.3888 4.1775 2.5704
111 19311 28.04 8.4766 4.2213 2.5973
112 19511 28.33 8.5643 4.265 2.6242
113 19711 28.62 8.6521 4.3087 2.6511
114 19911 28.911 8.7399 4.3524 2.678
115 20000 29.04 8.7789 4.3719 2.69
