0 0 0 0 0 0 0
1 1e-12 3.1471e-15 5.9459e-16 2.3397e-16 1.2262e-16 7.447e-17
2 1.1e-11 3.474e-14 6.4794e-15 2.5736e-15 1.3488e-15 8.1917e-16
3 1.11e-10 3.6208e-13 5.9638e-14 2.596e-14 1.3611e-14 8.2662e-15
4 1.111e-09 4.2498e-12 2.8554e-13 2.5886e-13 1.3621e-13 8.2734e-14
5 1.1111e-08 4.7849e-11 3.292e-13 2.4944e-12 1.3598e-12 8.2721e-13
6 1.1111e-07 5.0685e-10 3.8877e-13 1.7771e-11 1.3368e-11 8.2516e-12
7 1.1111e-06 5.5882e-09 4.6768e-13 3.699e-11 1.1352e-10 8.0492e-11
8 1.1111e-05 6.0601e-08 5.2154e-13 5.0162e-11 4.0763e-10 6.362e-10
9 0.00011111 6.4479e-07 5.4811e-13 5.6657e-11 5.3978e-10 1.5818e-09
10 0.0011111 6.4627e-06 5.4552e-13 5.5991e-11 5.261e-10 1.4876e-09
11 0.011111 5.8642e-05 5.5681e-13 5.6115e-11 5.2826e-10 1.4992e-09
12 0.11111 0.00037931 1.011e-12 5.6695e-11 5.3822e-10 1.5508e-09
13 1.1111 0.0013845 6.9086e-12 5.7601e-11 5.5421e-10 1.6404e-09
14 8.9056 0.0012678 5.9425e-12 5.8593e-11 5.7193e-10 1.7427e-09
15 28.392 0.00082911 2.8393e-12 5.9145e-11 5.8281e-10 1.8185e-09
16 47.878 0.00062137 1.8313e-12 5.9362e-11 5.8756e-10 1.8571e-09
17 67.365 0.00049845 1.374e-12 5.9517e-11 5.9106e-10 1.887e-09
18 86.851 0.00041773 1.1299e-12 5.9642e-11 5.9392e-10 1.9118e-09
19 106.34 0.00036081 9.844e-13 5.9748e-11 5.9637e-10 1.9333e-09
20 155.05 0.00027223 8.0161e-13 5.9959e-11 6.013e-10 1.977e-09
21 203.77 0.00022116 7.2026e-13 6.0122e-11 6.0511e-10 2.0109e-09
22 252.48 0.00018776 6.7654e-13 6.0252e-11 6.0817e-10 2.0384e-09
23 301.2 0.00016411 6.501e-13 6.0359e-11 6.1071e-10 2.0612e-09
24 349.92 0.0001464 6.3275e-13 6.045e-11 6.1286e-10 2.0806e-09
25 399.92 0.00013229 6.2042e-13 6.0529e-11 6.1475e-10 2.0977e-09
26 449.92 0.000121 6.1151e-13 6.0598e-11 6.1638e-10 2.1126e-09
27 499.92 0.00011175 6.0485e-13 6.0658e-11 6.1782e-10 2.1256e-09
28 549.92 0.00010401 5.9971e-13 6.0711e-11 6.1909e-10 2.1372e-09
29 599.92 9.7432e-05 5.9565e-13 6.0759e-11 6.2023e-10 2.1476e-09
30 649.92 9.1759e-05 5.9238e-13 6.0802e-11 6.2125e-10 2.157e-09
31 699.92 8.6811e-05 5.8971e-13 6.084e-11 6.2218e-10 2.1655e-09
32 749.92 8.2452e-05 5.8749e-13 6.0875e-11 6.2302e-10 2.1732e-09
33 799.92 7.8578e-05 5.8562e-13 6.0908e-11 6.2379e-10 2.1803e-09
34 849.92 7.5111e-05 5.8403e-13 6.0937e-11 6.245e-10 2.1868e-09
35 1049.9 6.4206e-05 5.7956e-13 6.1035e-11 6.2687e-10 2.2086e-09
36 1249.9 5.6439e-05 5.7685e-13 6.111e-11 6.2867e-10 2.2253e-09
37 1449.9 5.0586e-05 5.7508e-13 6.1169e-11 6.3011e-10 2.2386e-09
38 1649.9 4.5996e-05 5.7384e-13 6.1217e-11 6.3128e-10 2.2495e-09
39 1849.9 4.2286e-05 5.7295e-13 6.1258e-11 6.3226e-10 2.2586e-09
40 2049.9 3.9215e-05 5.7228e-13 6.1292e-11 6.3309e-10 2.2664e-09
41 2249.9 3.6626e-05 5.7176e-13 6.1321e-11 6.338e-10 2.2731e-09
42 2449.9 3.4409e-05 5.7135e-13 6.1346e-11 6.3443e-10 2.2789e-09
43 2649.9 3.2485e-05 5.7102e-13 6.1369e-11 6.3497e-10 2.2841e-09
44 2849.9 3.0798e-05 5.7075e-13 6.1388e-11 6.3546e-10 2.2886e-09
45 3049.9 2.9305e-05 5.7053e-13 6.1406e-11 6.3589e-10 2.2927e-09
46 3249.9 2.7972e-05 5.7034e-13 6.1422e-11 6.3628e-10 2.2964e-09
47 3449.9 2.6774e-05 5.7018e-13 6.1436e-11 6.3663e-10 2.2998e-09
48 3649.9 2.5691e-05 5.7005e-13 6.1449e-11 6.3695e-10 2.3028e-09
49 3849.9 2.4705e-05 5.6993e-13 6.1461e-11 6.3725e-10 2.3056e-09
50 4049.9 2.3805e-05 5.6983e-13 6.1472e-11 6.3751e-10 2.3082e-09
51 4249.9 2.2978e-05 5.6974e-13 6.1482e-11 6.3776e-10 2.3105e-09
52 4449.9 2.2216e-05 5.6966e-13 6.1491e-11 6.3798e-10 2.3127e-09
53 4649.9 2.151e-05 5.6959e-13 6.1499e-11 6.3819e-10 2.3147e-09
54 4849.9 2.0855e-05 5.6953e-13 6.1507e-11 6.3839e-10 2.3166e-09
55 5049.9 2.0246e-05 5.6947e-13 6.1514e-11 6.3857e-10 2.3184e-09
56 5249.9 1.9676e-05 5.6943e-13 6.152e-11 6.3873e-10 2.32e-09
57 5449.9 1.9143e-05 5.6938e-13 6.1527e-11 6.3889e-10 2.3215e-09
58 5649.9 1.8642e-05 5.6934e-13 6.1532e-11 6.3904e-10 2.323e-09
59 5849.9 1.8171e-05 5.693e-13 6.1538e-11 6.3917e-10 2.3243e-09
60 6049.9 1.7727e-05 5.6927e-13 6.1543e-11 6.393e-10 2.3256e-09
61 6249.9 1.7308e-05 5.6924e-13 6.1548e-11 6.3942e-10 2.3268e-09
62 6449.9 1.6911e-05 5.6921e-13 6.1552e-11 6.3953e-10 2.3279e-09
63 6649.9 1.6534e-05 5.6918e-13 6.1556e-11 6.3964e-10 2.329e-09
64 6849.9 1.6177e-05 5.6916e-13 6.156e-11 6.3974e-10 2.33e-09
65 7049.9 1.5837e-05 5.6914e-13 6.1564e-11 6.3983e-10 2.331e-09
66 7249.9 1.5514e-05 5.6911e-13 6.1567e-11 6.3992e-10 2.3319e-09
67 7449.9 1.5205e-05 5.6909e-13 6.157e-11 6.4001e-10 2.3328e-09
68 7649.9 1.491e-05 5.6908e-13 6.1573e-11 6.4009e-10 2.3336e-09
69 7849.9 1.4629e-05 5.6906e-13 6.1576e-11 6.4016e-10 2.3344e-09
70 8049.9 1.4359e-05 5.6904e-13 6.1579e-11 6.4023e-10 2.3351e-09
71 8249.9 1.4101e-05 5.6903e-13 6.1581e-11 6.403e-10 2.3358e-09
72 8449.9 1.3853e-05 5.6901e-13 6.1584e-11 6.4036e-10 2.3365e-09
73 8649.9 1.3615e-05 5.69e-13 6.1586e-11 6.4042e-10 2.3371e-09
74 8849.9 1.3386e-05 5.6899e-13 6.1588e-11 6.4048e-10 2.3378e-09
75 9049.9 1.3166e-05 5.6897e-13 6.159e-11 6.4054e-10 2.3383e-09
76 9249.9 1.2954e-05 5.6896e-13 6.1592e-11 6.4059e-10 2.3389e-09
77 9449.9 1.275e-05 5.6895e-13 6.1594e-11 6.4064e-10 2.3394e-09
78 9649.9 1.2553e-05 5.6894e-13 6.1595e-11 6.4068e-10 2.34e-09
79 9849.9 1.2363e-05 5.6893e-13 6.1597e-11 6.4073e-10 2.3404e-09
80 10050 1.218e-05 5.6892e-13 6.1599e-11 6.4077e-10 2.3409e-09
81 10250 1.2003e-05 5.6891e-13 6.16e-11 6.4081e-10 2.3414e-09
82 10450 1.1831e-05 5.689e-13 6.1601e-11 6.4085e-10 2.3418e-09
83 10650 1.1665e-05 5.6889e-13 6.1603e-11 6.4088e-10 2.3422e-09
84 10850 1.1505e-05 5.6888e-13 6.1604e-11 6.4092e-10 2.3426e-09
85 11050 1.1349e-05 5.6887e-13 6.1605e-11 6.4095e-10 2.343e-09
86 11250 1.1198e-05 5.6887e-13 6.1606e-11 6.4098e-10 2.3434e-09
87 11450 1.1052e-05 5.6886e-13 6.1607e-11 6.4101e-10 2.3437e-09
88 11650 1.091e-05 5.6885e-13 6.1608e-11 6.4104e-10 2.3441e-09
89 11850 1.0772e-05 5.6884e-13 6.1609e-11 6.4107e-10 2.3444e-09
90 12050 1.0638e-05 5.6884e-13 6.161e-11 6.4109e-10 2.3447e-09
91 12250 1.0508e-05 5.6883e-13 6.161e-11 6.4112e-10 2.345e-09
92 12450 1.0381e-05 5.6882e-13 6.1611e-11 6.4114e-10 2.3453e-09
93 12650 1.0258e-05 5.6882e-13 6.1612e-11 6.4116e-10 2.3456e-09
94 12850 1.0138e-05 5.6881e-13 6.1612e-11 6.4118e-10 2.3459e-09
95 13050 1.0022e-05 5.688e-13 6.1613e-11 6.412e-10 2.3461e-09
96 13250 9.9079e-06 5.688e-13 6.1613e-11 6.4122e-10 2.3464e-09
97 13450 9.7971e-06 5.6879e-13 6.1614e-11 6.4124e-10 2.3466e-09
98 13650 9.6891e-06 5.6878e-13 6.1614e-11 6.4125e-10 2.3468e-09
99 13850 9.5837e-06 5.6878e-13 6.1615e-11 6.4127e-10 2.3471e-09
100 14050 9.481e-06 5.6877e-13 6.1615e-11 6.4128e-10 2.3473e-09
101 14250 9.3807e-06 5.6877e-13 6.1615e-11 6.413e-10 2.3475e-09
102 14450 9.2828e-06 5.6876e-13 6.1616e-11 6.4131e-10 2.3477e-09
103 14650 9.1872e-06 5.6876e-13 6.1616e-11 6.4132e-10 2.3479e-09
104 14850 9.0938e-06 5.6875e-13 6.1616e-11 6.4133e-10 2.3481e-09
105 15050 9.0026e-06 5.6875e-13 6.1617e-11 6.4134e-10 2.3482e-09
106 15250 8.9134e-06 5.6874e-13 6.1617e-11 6.4135e-10 2.3484e-09
107 15450 8.8261e-06 5.6874e-13 6.1617e-11 6.4136e-10 2.3486e-09
108 15650 8.7408e-06 5.6873e-13 6.1617e-11 6.4137e-10 2.3487e-09
109 15850 8.6574e-06 5.6873e-13 6.1617e-11 6.4138e-10 2.3489e-09
110 16050 8.5757e-06 5.6872e-13 6.1617e-11 6.4139e-10 2.349e-09
111 16250 8.4957e-06 5.6872e-13 6.1617e-11 6.4139e-10 2.3492e-09
112 16450 8.4175e-06 5.6871e-13 6.1617e-11 6.414e-10 2.3493e-09
113 16650 8.3408e-06 5.6871e-13 6.1617e-11 6.4141e-10 2.3494e-09
114 16850 8.2657e-06 5.687e-13 6.1617e-11 6.4141e-10 2.3496e-09
115 17050 8.1921e-06 5.687e-13 6.1617e-11 6.4142e-10 2.3497e-09
116 17250 8.12e-06 5.6869e-13 6.1617e-11 6.4142e-10 2.3498e-09
117 17450 8.0493e-06 5.6869e-13 6.1617e-11 6.4142e-10 2.3499e-09
118 17650 7.9799e-06 5.6868e-13 6.1617e-11 6.4143e-10 2.35e-09
119 17850 7.9119e-06 5.6868e-13 6.1617e-11 6.4143e-10 2.3501e-09
120 18050 7.8452e-06 5.6867e-13 6.1617e-11 6.4143e-10 2.3502e-09
121 18250 7.7798e-06 5.6867e-13 6.1617e-11 6.4143e-10 2.3503e-09
122 18450 7.7155e-06 5.6867e-13 6.1617e-11 6.4144e-10 2.3504e-09
123 18650 7.6525e-06 5.6866e-13 6.1617e-11 6.4144e-10 2.3505e-09
124 18850 7.5906e-06 5.6866e-13 6.1616e-11 6.4144e-10 2.3506e-09
125 19050 7.5298e-06 5.6865e-13 6.1616e-11 6.4144e-10 2.3507e-09
126 19250 7.4701e-06 5.6865e-13 6.1616e-11 6.4144e-10 2.3507e-09
127 19450 7.4114e-06 5.6864e-13 6.1616e-11 6.4144e-10 2.3508e-09
128 19650 7.3538e-06 5.6864e-13 6.1616e-11 6.4144e-10 2.3509e-09
129 19825 7.3042e-06 5.6864e-13 6.1615e-11 6.4144e-10 2.3509e-09
130 20000 7.2553e-06 5.6863e-13 6.1615e-11 6.4144e-10 2.351e-09
