0 0 0 0 0 0 0
1 1e-12 3.1471e-15 5.9459e-16 2.3397e-16 1.2262e-16 7.447e-17
2 1.1e-11 3.474e-14 6.4794e-15 2.5736e-15 1.3488e-15 8.1917e-16
3 1.11e-10 3.6208e-13 5.9638e-14 2.596e-14 1.3611e-14 8.2662e-15
4 1.111e-09 4.2498e-12 2.8554e-13 2.5886e-13 1.3621e-13 8.2734e-14
5 1.1111e-08 4.7849e-11 3.292e-13 2.4944e-12 1.3598e-12 8.2721e-13
6 1.1111e-07 5.0685e-10 3.8877e-13 1.7771e-11 1.3368e-11 8.2516e-12
7 1.1111e-06 5.5882e-09 4.6768e-13 3.699e-11 1.1352e-10 8.0492e-11
8 1.1111e-05 6.0602e-08 5.2153e-13 5.0162e-11 4.0763e-10 6.362e-10
9 0.00011111 6.4487e-07 5.4811e-13 5.6657e-11 5.3978e-10 1.5819e-09
10 0.0011111 6.4725e-06 5.4552e-13 5.5991e-11 5.261e-10 1.4877e-09
11 0.011111 5.9314e-05 5.5705e-13 5.6113e-11 5.2822e-10 1.499e-09
12 0.11111 0.00039674 1.0554e-12 5.6647e-11 5.3732e-10 1.5453e-09
13 1.1111 0.0015228 8.2871e-12 5.7397e-11 5.5048e-10 1.6182e-09
14 8.8009 0.0013587 6.7664e-12 5.8255e-11 5.6562e-10 1.7035e-09
15 28.026 0.00088002 3.1337e-12 5.8854e-11 5.7712e-10 1.7797e-09
16 47.25 0.00066106 2.0006e-12 5.9078e-11 5.8187e-10 1.8168e-09
17 66.475 0.00053177 1.4866e-12 5.9236e-11 5.8534e-10 1.8454e-09
18 85.699 0.00044683 1.2113e-12 5.9361e-11 5.8816e-10 1.8692e-09
19 104.92 0.00038689 1.0468e-12 5.9468e-11 5.9058e-10 1.8899e-09
20 152.99 0.0002935 8.3914e-13 5.9683e-11 5.955e-10 1.9325e-09
21 201.05 0.0002396 7.4621e-13 5.985e-11 5.9935e-10 1.966e-09
22 249.11 0.00020436 6.9603e-13 5.9985e-11 6.0248e-10 1.9935e-09
23 297.17 0.00017939 6.6555e-13 6.0098e-11 6.051e-10 2.0165e-09
24 345.23 0.00016071 6.4547e-13 6.0194e-11 6.0733e-10 2.0362e-09
25 395.23 0.00014563 6.3097e-13 6.028e-11 6.0932e-10 2.054e-09
26 445.23 0.0001336 6.205e-13 6.0354e-11 6.1107e-10 2.0694e-09
27 495.23 0.00012377 6.1265e-13 6.042e-11 6.126e-10 2.0831e-09
28 545.23 0.00011555 6.0659e-13 6.0478e-11 6.1396e-10 2.0952e-09
29 595.23 0.00010857 6.018e-13 6.053e-11 6.1518e-10 2.1061e-09
30 645.23 0.00010256 5.9793e-13 6.0577e-11 6.1628e-10 2.116e-09
31 695.23 9.7315e-05 5.9476e-13 6.0619e-11 6.1729e-10 2.125e-09
32 745.23 9.2698e-05 5.9212e-13 6.0658e-11 6.182e-10 2.1332e-09
33 795.23 8.8597e-05 5.8989e-13 6.0694e-11 6.1904e-10 2.1407e-09
34 845.23 8.4925e-05 5.8799e-13 6.0726e-11 6.1981e-10 2.1476e-09
35 1045.2 7.3373e-05 5.826e-13 6.0835e-11 6.2239e-10 2.1709e-09
36 1245.2 6.5133e-05 5.793e-13 6.0919e-11 6.2438e-10 2.1889e-09
37 1445.2 5.8912e-05 5.7711e-13 6.0986e-11 6.2597e-10 2.2033e-09
38 1645.2 5.4022e-05 5.7557e-13 6.1041e-11 6.2728e-10 2.2152e-09
39 1845.2 5.006e-05 5.7444e-13 6.1087e-11 6.2838e-10 2.2252e-09
40 2045.2 4.6773e-05 5.7358e-13 6.1127e-11 6.2932e-10 2.2337e-09
41 2245.2 4.3995e-05 5.7291e-13 6.1161e-11 6.3013e-10 2.2412e-09
42 2445.2 4.1609e-05 5.7238e-13 6.1191e-11 6.3085e-10 2.2477e-09
43 2645.2 3.9535e-05 5.7195e-13 6.1217e-11 6.3148e-10 2.2535e-09
44 2845.2 3.7711e-05 5.7159e-13 6.1241e-11 6.3205e-10 2.2587e-09
45 3045.2 3.6093e-05 5.7129e-13 6.1262e-11 6.3256e-10 2.2633e-09
46 3245.2 3.4646e-05 5.7104e-13 6.1281e-11 6.3302e-10 2.2676e-09
47 3445.2 3.3342e-05 5.7083e-13 6.1299e-11 6.3344e-10 2.2714e-09
48 3645.2 3.216e-05 5.7064e-13 6.1315e-11 6.3382e-10 2.2749e-09
49 3845.2 3.1082e-05 5.7048e-13 6.1329e-11 6.3417e-10 2.2782e-09
50 4045.2 3.0096e-05 5.7034e-13 6.1343e-11 6.345e-10 2.2812e-09
51 4245.2 2.9188e-05 5.7022e-13 6.1356e-11 6.348e-10 2.284e-09
52 4445.2 2.8349e-05 5.7011e-13 6.1367e-11 6.3508e-10 2.2866e-09
53 4645.2 2.7571e-05 5.7001e-13 6.1378e-11 6.3534e-10 2.289e-09
54 4845.2 2.6847e-05 5.6992e-13 6.1388e-11 6.3559e-10 2.2912e-09
55 5045.2 2.6172e-05 5.6985e-13 6.1397e-11 6.3581e-10 2.2934e-09
56 5245.2 2.554e-05 5.6978e-13 6.1406e-11 6.3603e-10 2.2954e-09
57 5445.2 2.4948e-05 5.6971e-13 6.1415e-11 6.3623e-10 2.2972e-09
58 5645.2 2.439e-05 5.6965e-13 6.1423e-11 6.3642e-10 2.299e-09
59 5845.2 2.3865e-05 5.696e-13 6.143e-11 6.366e-10 2.3007e-09
60 6045.2 2.3368e-05 5.6955e-13 6.1437e-11 6.3677e-10 2.3023e-09
61 6245.2 2.2899e-05 5.6951e-13 6.1444e-11 6.3693e-10 2.3038e-09
62 6445.2 2.2454e-05 5.6947e-13 6.145e-11 6.3708e-10 2.3052e-09
63 6645.2 2.2031e-05 5.6943e-13 6.1456e-11 6.3723e-10 2.3066e-09
64 6845.2 2.1629e-05 5.694e-13 6.1461e-11 6.3737e-10 2.3079e-09
65 7045.2 2.1245e-05 5.6936e-13 6.1467e-11 6.375e-10 2.3091e-09
66 7245.2 2.088e-05 5.6933e-13 6.1472e-11 6.3762e-10 2.3103e-09
67 7445.2 2.0531e-05 5.6931e-13 6.1477e-11 6.3774e-10 2.3114e-09
68 7645.2 2.0197e-05 5.6928e-13 6.1482e-11 6.3786e-10 2.3125e-09
69 7845.2 1.9877e-05 5.6926e-13 6.1486e-11 6.3797e-10 2.3136e-09
70 8045.2 1.9571e-05 5.6923e-13 6.149e-11 6.3808e-10 2.3146e-09
71 8245.2 1.9277e-05 5.6921e-13 6.1495e-11 6.3818e-10 2.3155e-09
72 8445.2 1.8994e-05 5.6919e-13 6.1499e-11 6.3827e-10 2.3164e-09
73 8645.2 1.8723e-05 5.6917e-13 6.1502e-11 6.3837e-10 2.3173e-09
74 8845.2 1.8461e-05 5.6916e-13 6.1506e-11 6.3846e-10 2.3182e-09
75 9045.2 1.8209e-05 5.6914e-13 6.151e-11 6.3854e-10 2.319e-09
76 9245.2 1.7966e-05 5.6913e-13 6.1513e-11 6.3863e-10 2.3198e-09
77 9445.2 1.7732e-05 5.6911e-13 6.1516e-11 6.3871e-10 2.3206e-09
78 9645.2 1.7506e-05 5.691e-13 6.1519e-11 6.3878e-10 2.3213e-09
79 9845.2 1.7287e-05 5.6908e-13 6.1522e-11 6.3886e-10 2.322e-09
80 10045 1.7076e-05 5.6907e-13 6.1525e-11 6.3893e-10 2.3227e-09
81 10245 1.6871e-05 5.6906e-13 6.1528e-11 6.39e-10 2.3234e-09
82 10445 1.6673e-05 5.6905e-13 6.1531e-11 6.3907e-10 2.324e-09
83 10645 1.6481e-05 5.6904e-13 6.1533e-11 6.3913e-10 2.3246e-09
84 10845 1.6295e-05 5.6903e-13 6.1536e-11 6.3919e-10 2.3252e-09
85 11045 1.6114e-05 5.6902e-13 6.1538e-11 6.3925e-10 2.3258e-09
86 11245 1.5939e-05 5.6901e-13 6.1541e-11 6.3931e-10 2.3264e-09
87 11445 1.5769e-05 5.69e-13 6.1543e-11 6.3937e-10 2.327e-09
88 11645 1.5603e-05 5.6899e-13 6.1545e-11 6.3943e-10 2.3275e-09
89 11845 1.5443e-05 5.6898e-13 6.1547e-11 6.3948e-10 2.328e-09
90 12045 1.5286e-05 5.6898e-13 6.1549e-11 6.3953e-10 2.3285e-09
91 12245 1.5134e-05 5.6897e-13 6.1551e-11 6.3958e-10 2.329e-09
92 12445 1.4986e-05 5.6896e-13 6.1553e-11 6.3963e-10 2.3295e-09
93 12645 1.4842e-05 5.6895e-13 6.1555e-11 6.3968e-10 2.33e-09
94 12845 1.4701e-05 5.6895e-13 6.1557e-11 6.3972e-10 2.3304e-09
95 13045 1.4564e-05 5.6894e-13 6.1559e-11 6.3977e-10 2.3309e-09
96 13245 1.443e-05 5.6894e-13 6.1561e-11 6.3981e-10 2.3313e-09
97 13445 1.43e-05 5.6893e-13 6.1562e-11 6.3986e-10 2.3317e-09
98 13645 1.4173e-05 5.6892e-13 6.1564e-11 6.399e-10 2.3321e-09
99 13845 1.4049e-05 5.6892e-13 6.1565e-11 6.3994e-10 2.3325e-09
100 14045 1.3927e-05 5.6891e-13 6.1567e-11 6.3998e-10 2.3329e-09
101 14245 1.3809e-05 5.6891e-13 6.1569e-11 6.4001e-10 2.3333e-09
102 14445 1.3693e-05 5.689e-13 6.157e-11 6.4005e-10 2.3336e-09
103 14645 1.358e-05 5.689e-13 6.1571e-11 6.4009e-10 2.334e-09
104 14845 1.3469e-05 5.6889e-13 6.1573e-11 6.4012e-10 2.3344e-09
105 15045 1.3361e-05 5.6889e-13 6.1574e-11 6.4016e-10 2.3347e-09
106 15245 1.3255e-05 5.6888e-13 6.1575e-11 6.4019e-10 2.335e-09
107 15445 1.3151e-05 5.6888e-13 6.1577e-11 6.4022e-10 2.3354e-09
108 15645 1.305e-05 5.6888e-13 6.1578e-11 6.4025e-10 2.3357e-09
109 15845 1.295e-05 5.6887e-13 6.1579e-11 6.4029e-10 2.336e-09
110 16045 1.2853e-05 5.6887e-13 6.158e-11 6.4032e-10 2.3363e-09
111 16245 1.2758e-05 5.6887e-13 6.1581e-11 6.4034e-10 2.3366e-09
112 16445 1.2664e-05 5.6886e-13 6.1583e-11 6.4037e-10 2.3369e-09
113 16645 1.2572e-05 5.6886e-13 6.1584e-11 6.404e-10 2.3372e-09
114 16845 1.2483e-05 5.6885e-13 6.1585e-11 6.4043e-10 2.3375e-09
115 17045 1.2394e-05 5.6885e-13 6.1586e-11 6.4046e-10 2.3377e-09
116 17245 1.2308e-05 5.6885e-13 6.1587e-11 6.4048e-10 2.338e-09
117 17445 1.2223e-05 5.6884e-13 6.1588e-11 6.4051e-10 2.3383e-09
118 17645 1.214e-05 5.6884e-13 6.1589e-11 6.4053e-10 2.3385e-09
119 17845 1.2058e-05 5.6884e-13 6.159e-11 6.4056e-10 2.3388e-09
120 18045 1.1978e-05 5.6884e-13 6.1591e-11 6.4058e-10 2.339e-09
121 18245 1.1899e-05 5.6883e-13 6.1591e-11 6.406e-10 2.3393e-09
122 18445 1.1822e-05 5.6883e-13 6.1592e-11 6.4063e-10 2.3395e-09
123 18645 1.1746e-05 5.6883e-13 6.1593e-11 6.4065e-10 2.3397e-09
124 18845 1.1671e-05 5.6882e-13 6.1594e-11 6.4067e-10 2.34e-09
125 19045 1.1598e-05 5.6882e-13 6.1595e-11 6.4069e-10 2.3402e-09
126 19245 1.1526e-05 5.6882e-13 6.1596e-11 6.4071e-10 2.3404e-09
127 19445 1.1455e-05 5.6882e-13 6.1596e-11 6.4073e-10 2.3406e-09
128 19645 1.1385e-05 5.6881e-13 6.1597e-11 6.4075e-10 2.3408e-09
129 19823 1.1324e-05 5.6881e-13 6.1598e-11 6.4077e-10 2.341e-09
130 20000 1.1264e-05 5.6881e-13 6.1598e-11 6.4079e-10 2.3412e-09
