0 0 0 0 0 0 0
1 1e-12 3.1311e-15 5.9144e-16 2.3271e-16 1.2195e-16 7.4063e-17
2 1.1e-11 3.4564e-14 6.4452e-15 2.5597e-15 1.3415e-15 8.1469e-16
3 1.11e-10 3.6024e-13 5.9322e-14 2.582e-14 1.3537e-14 8.2209e-15
4 1.111e-09 4.2281e-12 2.8403e-13 2.5747e-13 1.3546e-13 8.2281e-14
5 1.1111e-08 4.7603e-11 3.2745e-13 2.4809e-12 1.3524e-12 8.2268e-13
6 1.1111e-07 5.0424e-10 3.8671e-13 1.7675e-11 1.3295e-11 8.2064e-12
7 1.1111e-06 5.5593e-09 4.6518e-13 3.679e-11 1.129e-10 8.0052e-11
8 1.1111e-05 6.0287e-08 5.1875e-13 4.989e-11 4.054e-10 6.3271e-10
9 0.00011111 6.4152e-07 5.4518e-13 5.635e-11 5.3684e-10 1.5733e-09
10 0.0011111 6.4393e-06 5.4261e-13 5.5688e-11 5.2323e-10 1.4795e-09
11 0.011111 5.904e-05 5.5401e-13 5.5807e-11 5.2532e-10 1.4907e-09
12 0.11111 0.00039508 1.0476e-12 5.6334e-11 5.3429e-10 1.5363e-09
13 1.1111 0.0015154 8.1985e-12 5.7082e-11 5.4743e-10 1.6091e-09
14 8.8035 0.0013556 6.7296e-12 5.7938e-11 5.6252e-10 1.6943e-09
15 28.034 0.00087946 3.1255e-12 5.8536e-11 5.7398e-10 1.7702e-09
16 47.265 0.00066124 1.9975e-12 5.8759e-11 5.7872e-10 1.8071e-09
17 66.496 0.00053218 1.4845e-12 5.8915e-11 5.8217e-10 1.8355e-09
18 85.727 0.0004473 1.2094e-12 5.904e-11 5.8497e-10 1.8592e-09
19 104.96 0.00038735 1.0447e-12 5.9146e-11 5.8738e-10 1.8798e-09
20 129.96 0.00033157 9.1349e-13 5.9265e-11 5.9008e-10 1.9031e-09
21 154.96 0.0002912 8.3169e-13 5.9367e-11 5.9243e-10 1.9235e-09
22 179.96 0.00026061 7.7703e-13 5.9457e-11 5.945e-10 1.9415e-09
23 204.96 0.00023659 7.3854e-13 5.9537e-11 5.9635e-10 1.9577e-09
24 229.96 0.0002172 7.1031e-13 5.9609e-11 5.9802e-10 1.9723e-09
25 254.96 0.00020121 6.8892e-13 5.9675e-11 5.9953e-10 1.9856e-09
26 279.96 0.00018776 6.7227e-13 5.9734e-11 6.009e-10 1.9977e-09
27 304.96 0.0001763 6.5903e-13 5.9788e-11 6.0217e-10 2.0089e-09
28 329.96 0.00016639 6.4829e-13 5.9838e-11 6.0333e-10 2.0191e-09
29 354.96 0.00015773 6.3946e-13 5.9885e-11 6.0441e-10 2.0287e-09
30 454.96 0.00013174 6.1594e-13 6.004e-11 6.0803e-10 2.0608e-09
31 554.96 0.00011427 6.0267e-13 6.016e-11 6.1084e-10 2.0859e-09
32 654.96 0.00010163 5.9433e-13 6.0256e-11 6.1311e-10 2.1061e-09
33 754.96 9.1989e-05 5.887e-13 6.0335e-11 6.1497e-10 2.1229e-09
34 854.96 8.4367e-05 5.8468e-13 6.0402e-11 6.1655e-10 2.137e-09
35 954.96 7.8164e-05 5.817e-13 6.0459e-11 6.179e-10 2.1492e-09
36 1055 7.3003e-05 5.7941e-13 6.0509e-11 6.1908e-10 2.1598e-09
37 1155 6.8631e-05 5.7761e-13 6.0552e-11 6.2011e-10 2.1692e-09
38 1255 6.4871e-05 5.7617e-13 6.0591e-11 6.2103e-10 2.1775e-09
39 1355 6.1597e-05 5.7499e-13 6.0626e-11 6.2185e-10 2.1849e-09
40 1455 5.8717e-05 5.7401e-13 6.0657e-11 6.2259e-10 2.1916e-09
41 1555 5.6161e-05 5.7319e-13 6.0685e-11 6.2327e-10 2.1978e-09
42 1655 5.3873e-05 5.7249e-13 6.0711e-11 6.2388e-10 2.2034e-09
43 1755 5.1811e-05 5.7189e-13 6.0735e-11 6.2445e-10 2.2085e-09
44 1855 4.9942e-05 5.7137e-13 6.0757e-11 6.2497e-10 2.2132e-09
45 1955 4.8239e-05 5.7092e-13 6.0777e-11 6.2545e-10 2.2176e-09
46 2055 4.6679e-05 5.7052e-13 6.0796e-11 6.259e-10 2.2217e-09
47 2155 4.5243e-05 5.7017e-13 6.0813e-11 6.2631e-10 2.2255e-09
48 2255 4.3917e-05 5.6986e-13 6.0829e-11 6.267e-10 2.229e-09
49 2355 4.2688e-05 5.6958e-13 6.0845e-11 6.2707e-10 2.2323e-09
50 2455 4.1545e-05 5.6933e-13 6.0859e-11 6.2741e-10 2.2355e-09
51 2555 4.0479e-05 5.691e-13 6.0872e-11 6.2773e-10 2.2384e-09
52 2655 3.9481e-05 5.689e-13 6.0885e-11 6.2804e-10 2.2412e-09
53 2755 3.8546e-05 5.6871e-13 6.0897e-11 6.2832e-10 2.2438e-09
54 2855 3.7666e-05 5.6854e-13 6.0908e-11 6.286e-10 2.2463e-09
55 2955 3.6837e-05 5.6839e-13 6.0919e-11 6.2885e-10 2.2487e-09
56 3055 3.6055e-05 5.6825e-13 6.093e-11 6.291e-10 2.2509e-09
57 3155 3.5315e-05 5.6812e-13 6.0939e-11 6.2933e-10 2.2531e-09
58 3255 3.4613e-05 5.68e-13 6.0949e-11 6.2956e-10 2.2551e-09
59 3355 3.3947e-05 5.6789e-13 6.0957e-11 6.2977e-10 2.2571e-09
60 3455 3.3314e-05 5.6778e-13 6.0966e-11 6.2997e-10 2.2589e-09
61 3555 3.2711e-05 5.6769e-13 6.0974e-11 6.3017e-10 2.2607e-09
62 3655 3.2136e-05 5.676e-13 6.0982e-11 6.3035e-10 2.2624e-09
63 3755 3.1587e-05 5.6752e-13 6.0989e-11 6.3053e-10 2.2641e-09
64 3855 3.1062e-05 5.6744e-13 6.0996e-11 6.307e-10 2.2657e-09
65 3955 3.0559e-05 5.6737e-13 6.1003e-11 6.3086e-10 2.2672e-09
66 4055 3.0078e-05 5.673e-13 6.101e-11 6.3102e-10 2.2686e-09
67 4155 2.9616e-05 5.6723e-13 6.1016e-11 6.3118e-10 2.27e-09
68 4255 2.9172e-05 5.6718e-13 6.1022e-11 6.3132e-10 2.2714e-09
69 4355 2.8746e-05 5.6712e-13 6.1028e-11 6.3146e-10 2.2727e-09
70 4455 2.8335e-05 5.6707e-13 6.1033e-11 6.316e-10 2.274e-09
71 4555 2.794e-05 5.6702e-13 6.1039e-11 6.3173e-10 2.2752e-09
72 4655 2.756e-05 5.6697e-13 6.1044e-11 6.3186e-10 2.2764e-09
73 4755 2.7192e-05 5.6692e-13 6.1049e-11 6.3198e-10 2.2775e-09
74 4855 2.6838e-05 5.6688e-13 6.1054e-11 6.321e-10 2.2786e-09
75 4955 2.6495e-05 5.6684e-13 6.1059e-11 6.3221e-10 2.2797e-09
76 5055 2.6164e-05 5.668e-13 6.1064e-11 6.3233e-10 2.2807e-09
77 5155 2.5843e-05 5.6677e-13 6.1068e-11 6.3243e-10 2.2817e-09
78 5255 2.5533e-05 5.6673e-13 6.1072e-11 6.3254e-10 2.2827e-09
79 5355 2.5233e-05 5.667e-13 6.1077e-11 6.3264e-10 2.2836e-09
80 5455 2.4942e-05 5.6667e-13 6.1081e-11 6.3274e-10 2.2845e-09
81 5555 2.4659e-05 5.6664e-13 6.1085e-11 6.3283e-10 2.2854e-09
82 5655 2.4385e-05 5.6661e-13 6.1088e-11 6.3293e-10 2.2863e-09
83 5755 2.4119e-05 5.6658e-13 6.1092e-11 6.3302e-10 2.2871e-09
84 5855 2.386e-05 5.6656e-13 6.1096e-11 6.331e-10 2.2879e-09
85 5955 2.3609e-05 5.6653e-13 6.1099e-11 6.3319e-10 2.2887e-09
86 6055 2.3365e-05 5.6651e-13 6.1103e-11 6.3327e-10 2.2895e-09
87 6155 2.3127e-05 5.6649e-13 6.1106e-11 6.3335e-10 2.2903e-09
88 6255 2.2896e-05 5.6647e-13 6.1109e-11 6.3343e-10 2.291e-09
89 6355 2.2671e-05 5.6644e-13 6.1112e-11 6.3351e-10 2.2917e-09
90 6455 2.2451e-05 5.6643e-13 6.1115e-11 6.3358e-10 2.2924e-09
91 6555 2.2238e-05 5.6641e-13 6.1118e-11 6.3366e-10 2.2931e-09
92 6655 2.2029e-05 5.6639e-13 6.1121e-11 6.3373e-10 2.2938e-09
93 6755 2.1826e-05 5.6637e-13 6.1124e-11 6.338e-10 2.2944e-09
94 6855 2.1627e-05 5.6635e-13 6.1127e-11 6.3387e-10 2.2951e-09
95 6955 2.1434e-05 5.6634e-13 6.113e-11 6.3393e-10 2.2957e-09
96 7055 2.1245e-05 5.6632e-13 6.1132e-11 6.34e-10 2.2963e-09
97 7155 2.106e-05 5.6631e-13 6.1135e-11 6.3406e-10 2.2969e-09
98 7255 2.088e-05 5.6629e-13 6.1138e-11 6.3412e-10 2.2975e-09
99 7355 2.0703e-05 5.6628e-13 6.114e-11 6.3418e-10 2.2981e-09
100 7455 2.0531e-05 5.6626e-13 6.1142e-11 6.3424e-10 2.2986e-09
101 7555 2.0362e-05 5.6625e-13 6.1145e-11 6.343e-10 2.2992e-09
102 7655 2.0198e-05 5.6624e-13 6.1147e-11 6.3435e-10 2.2997e-09
103 7755 2.0036e-05 5.6622e-13 6.1149e-11 6.3441e-10 2.3002e-09
104 7855 1.9878e-05 5.6621e-13 6.1152e-11 6.3446e-10 2.3007e-09
105 7955 1.9724e-05 5.662e-13 6.1154e-11 6.3452e-10 2.3012e-09
106 8055 1.9572e-05 5.6619e-13 6.1156e-11 6.3457e-10 2.3017e-09
107 8155 1.9424e-05 5.6618e-13 6.1158e-11 6.3462e-10 2.3022e-09
108 8255 1.9278e-05 5.6617e-13 6.116e-11 6.3467e-10 2.3027e-09
109 8355 1.9136e-05 5.6616e-13 6.1162e-11 6.3472e-10 2.3031e-09
110 8455 1.8996e-05 5.6615e-13 6.1164e-11 6.3477e-10 2.3036e-09
111 8555 1.8859e-05 5.6614e-13 6.1166e-11 6.3481e-10 2.304e-09
112 8655 1.8724e-05 5.6613e-13 6.1168e-11 6.3486e-10 2.3045e-09
113 8755 1.8593e-05 5.6612e-13 6.1169e-11 6.349e-10 2.3049e-09
114 8855 1.8463e-05 5.6611e-13 6.1171e-11 6.3495e-10 2.3053e-09
115 8955 1.8336e-05 5.6611e-13 6.1173e-11 6.3499e-10 2.3057e-09
116 9055 1.8211e-05 5.661e-13 6.1175e-11 6.3503e-10 2.3061e-09
117 9155 1.8089e-05 5.6609e-13 6.1176e-11 6.3507e-10 2.3065e-09
118 9255 1.7969e-05 5.6608e-13 6.1178e-11 6.3512e-10 2.3069e-09
119 9355 1.7851e-05 5.6607e-13 6.118e-11 6.3516e-10 2.3073e-09
120 9455 1.7735e-05 5.6607e-13 6.1181e-11 6.352e-10 2.3077e-09
121 9555 1.7621e-05 5.6606e-13 6.1183e-11 6.3523e-10 2.308e-09
122 9655 1.7509e-05 5.6605e-13 6.1184e-11 6.3527e-10 2.3084e-09
123 9755 1.7398e-05 5.6605e-13 6.1186e-11 6.3531e-10 2.3088e-09
124 9855 1.729e-05 5.6604e-13 6.1187e-11 6.3535e-10 2.3091e-09
125 9955 1.7183e-05 5.6603e-13 6.1189e-11 6.3538e-10 2.3095e-09
126 10055 1.7079e-05 5.6603e-13 6.119e-11 6.3542e-10 2.3098e-09
127 10155 1.6976e-05 5.6602e-13 6.1192e-11 6.3545e-10 2.3101e-09
128 10255 1.6874e-05 5.6602e-13 6.1193e-11 6.3549e-10 2.3105e-09
129 10355 1.6774e-05 5.6601e-13 6.1194e-11 6.3552e-10 2.3108e-09
130 10455 1.6676e-05 5.66e-13 6.1196e-11 6.3555e-10 2.3111e-09
131 10555 1.6579e-05 5.66e-13 6.1197e-11 6.3559e-10 2.3114e-09
132 10655 1.6484e-05 5.6599e-13 6.1198e-11 6.3562e-10 2.3117e-09
133 10755 1.639e-05 5.6599e-13 6.12e-11 6.3565e-10 2.312e-09
134 10855 1.6298e-05 5.6598e-13 6.1201e-11 6.3568e-10 2.3123e-09
135 10955 1.6207e-05 5.6598e-13 6.1202e-11 6.3571e-10 2.3126e-09
136 11055 1.6118e-05 5.6597e-13 6.1203e-11 6.3574e-10 2.3129e-09
137 11155 1.6029e-05 5.6597e-13 6.1204e-11 6.3577e-10 2.3132e-09
138 11255 1.5942e-05 5.6596e-13 6.1206e-11 6.358e-10 2.3135e-09
139 11355 1.5857e-05 5.6596e-13 6.1207e-11 6.3583e-10 2.3138e-09
140 11455 1.5772e-05 5.6596e-13 6.1208e-11 6.3586e-10 2.314e-09
141 11555 1.5689e-05 5.6595e-13 6.1209e-11 6.3588e-10 2.3143e-09
142 11655 1.5607e-05 5.6595e-13 6.121e-11 6.3591e-10 2.3146e-09
143 11755 1.5526e-05 5.6594e-13 6.1211e-11 6.3594e-10 2.3148e-09
144 11855 1.5446e-05 5.6594e-13 6.1212e-11 6.3596e-10 2.3151e-09
145 11955 1.5368e-05 5.6593e-13 6.1213e-11 6.3599e-10 2.3153e-09
146 12055 1.529e-05 5.6593e-13 6.1214e-11 6.3601e-10 2.3156e-09
147 12155 1.5213e-05 5.6593e-13 6.1215e-11 6.3604e-10 2.3158e-09
148 12255 1.5138e-05 5.6592e-13 6.1216e-11 6.3607e-10 2.3161e-09
149 12355 1.5063e-05 5.6592e-13 6.1217e-11 6.3609e-10 2.3163e-09
150 12455 1.499e-05 5.6592e-13 6.1218e-11 6.3611e-10 2.3165e-09
151 12555 1.4917e-05 5.6591e-13 6.1219e-11 6.3614e-10 2.3168e-09
152 12655 1.4845e-05 5.6591e-13 6.122e-11 6.3616e-10 2.317e-09
153 12755 1.4775e-05 5.6591e-13 6.1221e-11 6.3618e-10 2.3172e-09
154 12855 1.4705e-05 5.659e-13 6.1222e-11 6.3621e-10 2.3175e-09
155 12955 1.4636e-05 5.659e-13 6.1223e-11 6.3623e-10 2.3177e-09
156 13055 1.4568e-05 5.659e-13 6.1224e-11 6.3625e-10 2.3179e-09
157 13155 1.4501e-05 5.6589e-13 6.1225e-11 6.3627e-10 2.3181e-09
158 13255 1.4434e-05 5.6589e-13 6.1225e-11 6.3629e-10 2.3183e-09
159 13355 1.4369e-05 5.6589e-13 6.1226e-11 6.3632e-10 2.3185e-09
160 13455 1.4304e-05 5.6588e-13 6.1227e-11 6.3634e-10 2.3187e-09
161 13555 1.424e-05 5.6588e-13 6.1228e-11 6.3636e-10 2.3189e-09
162 13655 1.4177e-05 5.6588e-13 6.1229e-11 6.3638e-10 2.3192e-09
163 13755 1.4114e-05 5.6588e-13 6.123e-11 6.364e-10 2.3193e-09
164 13855 1.4053e-05 5.6587e-13 6.123e-11 6.3642e-10 2.3195e-09
165 13955 1.3992e-05 5.6587e-13 6.1231e-11 6.3644e-10 2.3197e-09
166 14055 1.3931e-05 5.6587e-13 6.1232e-11 6.3646e-10 2.3199e-09
167 14155 1.3872e-05 5.6587e-13 6.1233e-11 6.3648e-10 2.3201e-09
168 14255 1.3813e-05 5.6586e-13 6.1233e-11 6.3649e-10 2.3203e-09
169 14355 1.3755e-05 5.6586e-13 6.1234e-11 6.3651e-10 2.3205e-09
170 14455 1.3697e-05 5.6586e-13 6.1235e-11 6.3653e-10 2.3207e-09
171 14555 1.364e-05 5.6586e-13 6.1236e-11 6.3655e-10 2.3209e-09
172 14655 1.3584e-05 5.6585e-13 6.1236e-11 6.3657e-10 2.321e-09
173 14755 1.3528e-05 5.6585e-13 6.1237e-11 6.3659e-10 2.3212e-09
174 14855 1.3473e-05 5.6585e-13 6.1238e-11 6.366e-10 2.3214e-09
175 14955 1.3419e-05 5.6585e-13 6.1238e-11 6.3662e-10 2.3216e-09
176 15055 1.3365e-05 5.6584e-13 6.1239e-11 6.3664e-10 2.3217e-09
177 15155 1.3312e-05 5.6584e-13 6.124e-11 6.3665e-10 2.3219e-09
178 15255 1.3259e-05 5.6584e-13 6.124e-11 6.3667e-10 2.3221e-09
179 15355 1.3207e-05 5.6584e-13 6.1241e-11 6.3669e-10 2.3222e-09
180 15455 1.3155e-05 5.6584e-13 6.1242e-11 6.367e-10 2.3224e-09
181 15555 1.3104e-05 5.6583e-13 6.1242e-11 6.3672e-10 2.3225e-09
182 15655 1.3054e-05 5.6583e-13 6.1243e-11 6.3673e-10 2.3227e-09
183 15755 1.3004e-05 5.6583e-13 6.1243e-11 6.3675e-10 2.3229e-09
184 15855 1.2955e-05 5.6583e-13 6.1244e-11 6.3676e-10 2.323e-09
185 15955 1.2906e-05 5.6583e-13 6.1245e-11 6.3678e-10 2.3232e-09
186 16055 1.2857e-05 5.6582e-13 6.1245e-11 6.3679e-10 2.3233e-09
187 16155 1.2809e-05 5.6582e-13 6.1246e-11 6.3681e-10 2.3235e-09
188 16255 1.2762e-05 5.6582e-13 6.1246e-11 6.3682e-10 2.3236e-09
189 16355 1.2715e-05 5.6582e-13 6.1247e-11 6.3684e-10 2.3238e-09
190 16455 1.2668e-05 5.6582e-13 6.1247e-11 6.3685e-10 2.3239e-09
191 16555 1.2622e-05 5.6581e-13 6.1248e-11 6.3687e-10 2.324e-09
192 16655 1.2577e-05 5.6581e-13 6.1248e-11 6.3688e-10 2.3242e-09
193 16755 1.2532e-05 5.6581e-13 6.1249e-11 6.3689e-10 2.3243e-09
194 16855 1.2487e-05 5.6581e-13 6.125e-11 6.3691e-10 2.3245e-09
195 16955 1.2443e-05 5.6581e-13 6.125e-11 6.3692e-10 2.3246e-09
196 17055 1.2399e-05 5.6581e-13 6.1251e-11 6.3693e-10 2.3247e-09
197 17155 1.2355e-05 5.658e-13 6.1251e-11 6.3695e-10 2.3249e-09
198 17255 1.2312e-05 5.658e-13 6.1252e-11 6.3696e-10 2.325e-09
199 17355 1.227e-05 5.658e-13 6.1252e-11 6.3697e-10 2.3251e-09
200 17455 1.2227e-05 5.658e-13 6.1253e-11 6.3699e-10 2.3253e-09
201 17555 1.2186e-05 5.658e-13 6.1253e-11 6.37e-10 2.3254e-09
202 17655 1.2144e-05 5.658e-13 6.1253e-11 6.3701e-10 2.3255e-09
203 17755 1.2103e-05 5.6579e-13 6.1254e-11 6.3702e-10 2.3256e-09
204 17855 1.2063e-05 5.6579e-13 6.1254e-11 6.3703e-10 2.3258e-09
205 17955 1.2022e-05 5.6579e-13 6.1255e-11 6.3705e-10 2.3259e-09
206 18055 1.1982e-05 5.6579e-13 6.1255e-11 6.3706e-10 2.326e-09
207 18155 1.1943e-05 5.6579e-13 6.1256e-11 6.3707e-10 2.3261e-09
208 18255 1.1904e-05 5.6579e-13 6.1256e-11 6.3708e-10 2.3263e-09
209 18355 1.1865e-05 5.6579e-13 6.1257e-11 6.3709e-10 2.3264e-09
210 18455 1.1826e-05 5.6578e-13 6.1257e-11 6.371e-10 2.3265e-09
211 18555 1.1788e-05 5.6578e-13 6.1258e-11 6.3712e-10 2.3266e-09
212 18655 1.175e-05 5.6578e-13 6.1258e-11 6.3713e-10 2.3267e-09
213 18755 1.1713e-05 5.6578e-13 6.1258e-11 6.3714e-10 2.3268e-09
214 18855 1.1675e-05 5.6578e-13 6.1259e-11 6.3715e-10 2.3269e-09
215 18955 1.1639e-05 5.6578e-13 6.1259e-11 6.3716e-10 2.3271e-09
216 19055 1.1602e-05 5.6578e-13 6.126e-11 6.3717e-10 2.3272e-09
217 19155 1.1566e-05 5.6578e-13 6.126e-11 6.3718e-10 2.3273e-09
218 19255 1.153e-05 5.6577e-13 6.126e-11 6.3719e-10 2.3274e-09
219 19355 1.1494e-05 5.6577e-13 6.1261e-11 6.372e-10 2.3275e-09
220 19455 1.1459e-05 5.6577e-13 6.1261e-11 6.3721e-10 2.3276e-09
221 19555 1.1424e-05 5.6577e-13 6.1261e-11 6.3722e-10 2.3277e-09
222 19655 1.1389e-05 5.6577e-13 6.1262e-11 6.3723e-10 2.3278e-09
223 19755 1.1355e-05 5.6577e-13 6.1262e-11 6.3724e-10 2.3279e-09
224 19855 1.1321e-05 5.6577e-13 6.1263e-11 6.3725e-10 2.328e-09
225 19955 1.1287e-05 5.6577e-13 6.1263e-11 6.3726e-10 2.3281e-09
226 20000 1.1272e-05 5.6576e-13 6.1263e-11 6.3726e-10 2.3282e-09
