0 0 0 0 0 0
1 1e-12 1.4693e-15 4.4418e-16 2.212e-16 1.361e-16
2 1.1e-11 1.6162e-14 4.886e-15 2.4332e-15 1.4971e-15
3 1.11e-10 1.6309e-13 4.9304e-14 2.4553e-14 1.5107e-14
4 1.111e-09 1.6322e-12 4.9345e-13 2.4574e-13 1.512e-13
5 1.1111e-08 1.6302e-11 4.9317e-12 2.4565e-12 1.5117e-12
6 1.1111e-07 1.6106e-10 4.9005e-11 2.446e-11 1.5068e-11
7 1.1111e-06 1.5062e-09 4.6909e-10 2.3669e-10 1.4675e-10
8 1.1111e-05 1.185e-08 3.9966e-09 2.0816e-09 1.3144e-09
9 0.00011111 3.9536e-08 1.9837e-08 1.2252e-08 8.5117e-09
10 0.0011111 3.7459e-08 2.3331e-08 1.7879e-08 1.4862e-08
11 0.011111 2.9161e-08 1.8777e-08 1.4484e-08 1.1789e-08
12 0.11111 1.2383e-08 8.8882e-09 7.2071e-09 5.9556e-09
13 1.1111 3.9494e-09 2.9799e-09 2.5142e-09 2.1813e-09
14 8.7899 2.9466e-09 2.0755e-09 1.7395e-09 1.601e-09
15 27.987 2.1695e-09 1.3906e-09 1.1196e-09 1.1116e-09
16 47.184 1.695e-09 1.0465e-09 8.1964e-10 8.556e-10
17 66.381 1.3878e-09 8.419e-10 6.4754e-10 6.9689e-10
18 85.578 1.1762e-09 7.0693e-10 5.3734e-10 5.8954e-10
19 104.78 1.0229e-09 6.1142e-10 4.6109e-10 5.124e-10
20 152.77 7.786e-10 4.6231e-10 3.4484e-10 3.9027e-10
21 200.76 6.3537e-10 3.7618e-10 2.7911e-10 3.1891e-10
22 248.75 5.4111e-10 3.1989e-10 2.3665e-10 2.72e-10
23 296.75 4.7418e-10 2.8007e-10 2.0682e-10 2.3869e-10
24 344.74 4.2405e-10 2.5032e-10 1.8462e-10 2.1373e-10
25 394.74 3.8354e-10 2.2632e-10 1.6678e-10 1.9355e-10
26 444.74 3.5127e-10 2.0723e-10 1.5261e-10 1.7747e-10
27 494.74 3.249e-10 1.9163e-10 1.4106e-10 1.6431e-10
28 544.74 3.029e-10 1.7863e-10 1.3144e-10 1.5332e-10
29 594.74 2.8423e-10 1.676e-10 1.2329e-10 1.44e-10
30 644.74 2.6816e-10 1.5812e-10 1.1628e-10 1.3597e-10
31 694.74 2.5417e-10 1.4986e-10 1.1019e-10 1.2897e-10
32 744.74 2.4187e-10 1.426e-10 1.0483e-10 1.2281e-10
33 794.74 2.3095e-10 1.3615e-10 1.0008e-10 1.1734e-10
34 844.74 2.2118e-10 1.3039e-10 9.5839e-11 1.1244e-10
35 1044.7 1.9052e-10 1.1231e-10 8.2525e-11 9.7057e-11
36 1244.7 1.6872e-10 9.946e-11 7.307e-11 8.6098e-11
37 1444.7 1.5231e-10 8.9788e-11 6.5957e-11 7.7834e-11
38 1644.7 1.3944e-10 8.2204e-11 6.0382e-11 7.1344e-11
39 1844.7 1.2903e-10 7.6072e-11 5.5875e-11 6.609e-11
40 2044.7 1.2042e-10 7.0994e-11 5.2145e-11 6.1734e-11
41 2244.7 1.1315e-10 6.6709e-11 4.8997e-11 5.8054e-11
42 2444.7 1.0691e-10 6.3036e-11 4.6298e-11 5.4896e-11
43 2644.7 1.015e-10 5.9846e-11 4.3955e-11 5.2152e-11
44 2844.7 9.6744e-11 5.7045e-11 4.1898e-11 4.9741e-11
45 3044.7 9.2531e-11 5.4562e-11 4.0074e-11 4.7602e-11
46 3244.7 8.8766e-11 5.2344e-11 3.8445e-11 4.5689e-11
47 3444.7 8.5377e-11 5.0347e-11 3.6979e-11 4.3967e-11
48 3644.7 8.2309e-11 4.8539e-11 3.5651e-11 4.2406e-11
49 3844.7 7.9514e-11 4.6892e-11 3.4441e-11 4.0983e-11
50 4044.7 7.6955e-11 4.5385e-11 3.3334e-11 3.9681e-11
51 4244.7 7.4603e-11 4.3999e-11 3.2317e-11 3.8482e-11
52 4444.7 7.2432e-11 4.2719e-11 3.1377e-11 3.7376e-11
53 4644.7 7.042e-11 4.1533e-11 3.0506e-11 3.635e-11
54 4844.7 6.8549e-11 4.0431e-11 2.9697e-11 3.5395e-11
55 5044.7 6.6804e-11 3.9403e-11 2.8942e-11 3.4505e-11
56 5244.7 6.5173e-11 3.8441e-11 2.8236e-11 3.3672e-11
57 5444.7 6.3643e-11 3.7539e-11 2.7574e-11 3.2891e-11
58 5644.7 6.2204e-11 3.6692e-11 2.6951e-11 3.2156e-11
59 5844.7 6.0849e-11 3.5893e-11 2.6365e-11 3.1464e-11
60 6044.7 5.957e-11 3.5139e-11 2.5811e-11 3.081e-11
61 6244.7 5.836e-11 3.4426e-11 2.5288e-11 3.0191e-11
62 6444.7 5.7213e-11 3.375e-11 2.4791e-11 2.9604e-11
63 6644.7 5.6125e-11 3.3109e-11 2.432e-11 2.9047e-11
64 6844.7 5.509e-11 3.2499e-11 2.3872e-11 2.8517e-11
65 7044.7 5.4104e-11 3.1918e-11 2.3446e-11 2.8013e-11
66 7244.7 5.3164e-11 3.1364e-11 2.3039e-11 2.7532e-11
67 7444.7 5.2267e-11 3.0835e-11 2.2651e-11 2.7072e-11
68 7644.7 5.1409e-11 3.0329e-11 2.2279e-11 2.6632e-11
69 7844.7 5.0588e-11 2.9845e-11 2.1924e-11 2.6211e-11
70 8044.7 4.9801e-11 2.9381e-11 2.1583e-11 2.5808e-11
71 8244.7 4.9045e-11 2.8936e-11 2.1256e-11 2.5421e-11
72 8444.7 4.832e-11 2.8508e-11 2.0942e-11 2.5049e-11
73 8644.7 4.7623e-11 2.8097e-11 2.0641e-11 2.4691e-11
74 8844.7 4.6952e-11 2.7702e-11 2.035e-11 2.4347e-11
75 9044.7 4.6306e-11 2.7321e-11 2.0071e-11 2.4015e-11
76 9244.7 4.5683e-11 2.6954e-11 1.9801e-11 2.3696e-11
77 9444.7 4.5083e-11 2.66e-11 1.9541e-11 2.3387e-11
78 9644.7 4.4503e-11 2.6258e-11 1.929e-11 2.309e-11
79 9844.7 4.3942e-11 2.5928e-11 1.9047e-11 2.2802e-11
80 10045 4.3401e-11 2.5608e-11 1.8813e-11 2.2523e-11
81 10245 4.2876e-11 2.5299e-11 1.8586e-11 2.2254e-11
82 10445 4.2369e-11 2.5e-11 1.8366e-11 2.1993e-11
83 10645 4.1877e-11 2.471e-11 1.8153e-11 2.1741e-11
84 10845 4.1401e-11 2.4429e-11 1.7947e-11 2.1496e-11
85 11045 4.0939e-11 2.4157e-11 1.7747e-11 2.1258e-11
86 11245 4.049e-11 2.3892e-11 1.7553e-11 2.1028e-11
87 11445 4.0054e-11 2.3635e-11 1.7364e-11 2.0804e-11
88 11645 3.9631e-11 2.3386e-11 1.7181e-11 2.0586e-11
89 11845 3.922e-11 2.3143e-11 1.7003e-11 2.0375e-11
90 12045 3.882e-11 2.2908e-11 1.683e-11 2.0169e-11
91 12245 3.8431e-11 2.2678e-11 1.6661e-11 1.9969e-11
92 12445 3.8052e-11 2.2455e-11 1.6497e-11 1.9774e-11
93 12645 3.7683e-11 2.2237e-11 1.6337e-11 1.9584e-11
94 12845 3.7324e-11 2.2025e-11 1.6182e-11 1.9399e-11
95 13045 3.6974e-11 2.1819e-11 1.603e-11 1.9218e-11
96 13245 3.6632e-11 2.1618e-11 1.5882e-11 1.9043e-11
97 13445 3.6299e-11 2.1421e-11 1.5738e-11 1.8871e-11
98 13645 3.5974e-11 2.123e-11 1.5597e-11 1.8704e-11
99 13845 3.5657e-11 2.1042e-11 1.546e-11 1.854e-11
100 14045 3.5347e-11 2.086e-11 1.5326e-11 1.8381e-11
101 14245 3.5044e-11 2.0681e-11 1.5195e-11 1.8225e-11
102 14445 3.4749e-11 2.0507e-11 1.5067e-11 1.8073e-11
103 14645 3.446e-11 2.0336e-11 1.4941e-11 1.7924e-11
104 14845 3.4177e-11 2.017e-11 1.4819e-11 1.7778e-11
105 15045 3.3901e-11 2.0007e-11 1.4699e-11 1.7635e-11
106 15245 3.363e-11 1.9847e-11 1.4582e-11 1.7496e-11
107 15445 3.3366e-11 1.9691e-11 1.4468e-11 1.736e-11
108 15645 3.3106e-11 1.9539e-11 1.4355e-11 1.7226e-11
109 15845 3.2853e-11 1.9389e-11 1.4246e-11 1.7095e-11
110 16045 3.2604e-11 1.9242e-11 1.4138e-11 1.6967e-11
111 16245 3.2361e-11 1.9099e-11 1.4033e-11 1.6842e-11
112 16445 3.2122e-11 1.8958e-11 1.3929e-11 1.6719e-11
113 16645 3.1889e-11 1.882e-11 1.3828e-11 1.6598e-11
114 16845 3.1659e-11 1.8685e-11 1.3729e-11 1.648e-11
115 17045 3.1435e-11 1.8553e-11 1.3631e-11 1.6364e-11
116 17245 3.1214e-11 1.8422e-11 1.3536e-11 1.625e-11
117 17445 3.0998e-11 1.8295e-11 1.3442e-11 1.6139e-11
118 17645 3.0785e-11 1.817e-11 1.335e-11 1.6029e-11
119 17845 3.0577e-11 1.8047e-11 1.326e-11 1.5921e-11
120 18045 3.0372e-11 1.7926e-11 1.3171e-11 1.5816e-11
121 18245 3.0172e-11 1.7808e-11 1.3084e-11 1.5712e-11
122 18445 2.9974e-11 1.7691e-11 1.2999e-11 1.561e-11
123 18645 2.978e-11 1.7577e-11 1.2915e-11 1.551e-11
124 18845 2.959e-11 1.7465e-11 1.2832e-11 1.5412e-11
125 19045 2.9403e-11 1.7354e-11 1.2751e-11 1.5315e-11
126 19245 2.9219e-11 1.7246e-11 1.2672e-11 1.5221e-11
127 19445 2.9038e-11 1.7139e-11 1.2593e-11 1.5127e-11
128 19645 2.886e-11 1.7034e-11 1.2516e-11 1.5035e-11
129 19822 2.8705e-11 1.6943e-11 1.2449e-11 1.4955e-11
130 20000 2.8552e-11 1.6852e-11 1.2383e-11 1.4876e-11
