0 0 0 0 0 0 0
1 1e-12 3.1685e-15 5.985e-16 2.3548e-16 1.2341e-16 7.4946e-17
2 1.1e-11 3.4976e-14 6.522e-15 2.5902e-15 1.3575e-15 8.2441e-16
3 1.11e-10 3.6454e-13 6.003e-14 2.6128e-14 1.3698e-14 8.319e-15
4 1.111e-09 4.2785e-12 2.8742e-13 2.6054e-13 1.3708e-13 8.3263e-14
5 1.1111e-08 4.8171e-11 3.3136e-13 2.5105e-12 1.3686e-12 8.325e-13
6 1.1111e-07 5.1025e-10 3.9132e-13 1.7886e-11 1.3454e-11 8.3043e-12
7 1.1111e-06 5.6256e-09 4.7073e-13 3.7229e-11 1.1425e-10 8.1007e-11
8 1.1111e-05 6.1006e-08 5.2494e-13 5.0485e-11 4.1024e-10 6.4026e-10
9 0.00011111 6.4916e-07 5.5168e-13 5.7022e-11 5.4324e-10 1.592e-09
10 0.0011111 6.5154e-06 5.4908e-13 5.6352e-11 5.2947e-10 1.4972e-09
11 0.011111 5.9695e-05 5.6074e-13 5.6474e-11 5.316e-10 1.5085e-09
12 0.11111 0.00039882 1.0636e-12 5.701e-11 5.4073e-10 1.555e-09
13 1.1111 0.0015273 8.325e-12 5.7764e-11 5.5398e-10 1.6283e-09
14 8.7899 0.0013627 6.7993e-12 5.863e-11 5.6924e-10 1.7144e-09
15 27.987 0.00088311 3.1528e-12 5.9233e-11 5.8081e-10 1.791e-09
16 47.184 0.00066353 2.0138e-12 5.9458e-11 5.8559e-10 1.8284e-09
17 66.381 0.0005338 1.4966e-12 5.9617e-11 5.8908e-10 1.8571e-09
18 85.578 0.00044854 1.2195e-12 5.9743e-11 5.9191e-10 1.881e-09
19 104.78 0.00038835 1.0538e-12 5.985e-11 5.9434e-10 1.9018e-09
20 152.77 0.00029457 8.4468e-13 6.0066e-11 5.9929e-10 1.9446e-09
21 200.76 0.00024044 7.5108e-13 6.0234e-11 6.0315e-10 1.9783e-09
22 248.75 0.00020505 7.0054e-13 6.037e-11 6.063e-10 2.0059e-09
23 296.75 0.00017998 6.6984e-13 6.0484e-11 6.0893e-10 2.0291e-09
24 344.74 0.00016122 6.4963e-13 6.058e-11 6.1118e-10 2.0489e-09
25 394.74 0.00014606 6.3501e-13 6.0666e-11 6.1319e-10 2.0668e-09
26 444.74 0.00013398 6.2446e-13 6.0741e-11 6.1494e-10 2.0823e-09
27 494.74 0.0001241 6.1656e-13 6.0807e-11 6.1649e-10 2.0961e-09
28 544.74 0.00011584 6.1047e-13 6.0866e-11 6.1786e-10 2.1083e-09
29 594.74 0.00010883 6.0564e-13 6.0918e-11 6.1909e-10 2.1193e-09
30 644.74 0.0001028 6.0175e-13 6.0965e-11 6.202e-10 2.1292e-09
31 694.74 9.7535e-05 5.9856e-13 6.1008e-11 6.212e-10 2.1383e-09
32 744.74 9.2901e-05 5.959e-13 6.1047e-11 6.2212e-10 2.1465e-09
33 794.74 8.8785e-05 5.9366e-13 6.1083e-11 6.2297e-10 2.1541e-09
34 844.74 8.51e-05 5.9175e-13 6.1116e-11 6.2375e-10 2.1611e-09
35 1044.7 7.3512e-05 5.8634e-13 6.1226e-11 6.2634e-10 2.1845e-09
36 1244.7 6.5247e-05 5.8303e-13 6.131e-11 6.2834e-10 2.2026e-09
37 1444.7 5.901e-05 5.8083e-13 6.1377e-11 6.2994e-10 2.2171e-09
38 1644.7 5.4107e-05 5.7928e-13 6.1433e-11 6.3126e-10 2.229e-09
39 1844.7 5.0136e-05 5.7815e-13 6.1479e-11 6.3237e-10 2.2391e-09
40 2044.7 4.6841e-05 5.7729e-13 6.1519e-11 6.3331e-10 2.2477e-09
41 2244.7 4.4057e-05 5.7662e-13 6.1553e-11 6.3413e-10 2.2552e-09
42 2444.7 4.1666e-05 5.7608e-13 6.1583e-11 6.3485e-10 2.2618e-09
43 2644.7 3.9587e-05 5.7565e-13 6.161e-11 6.3549e-10 2.2676e-09
44 2844.7 3.776e-05 5.7529e-13 6.1634e-11 6.3606e-10 2.2728e-09
45 3044.7 3.6139e-05 5.7499e-13 6.1655e-11 6.3657e-10 2.2775e-09
46 3244.7 3.4689e-05 5.7474e-13 6.1674e-11 6.3704e-10 2.2818e-09
47 3444.7 3.3382e-05 5.7453e-13 6.1692e-11 6.3746e-10 2.2857e-09
48 3644.7 3.2198e-05 5.7434e-13 6.1708e-11 6.3785e-10 2.2892e-09
49 3844.7 3.1119e-05 5.7418e-13 6.1723e-11 6.382e-10 2.2925e-09
50 4044.7 3.013e-05 5.7404e-13 6.1736e-11 6.3853e-10 2.2955e-09
51 4244.7 2.9221e-05 5.7392e-13 6.1749e-11 6.3883e-10 2.2983e-09
52 4444.7 2.8381e-05 5.7381e-13 6.1761e-11 6.3911e-10 2.3009e-09
53 4644.7 2.7602e-05 5.7371e-13 6.1772e-11 6.3938e-10 2.3033e-09
54 4844.7 2.6877e-05 5.7362e-13 6.1782e-11 6.3962e-10 2.3056e-09
55 5044.7 2.62e-05 5.7354e-13 6.1791e-11 6.3985e-10 2.3078e-09
56 5244.7 2.5568e-05 5.7347e-13 6.18e-11 6.4007e-10 2.3098e-09
57 5444.7 2.4974e-05 5.7341e-13 6.1809e-11 6.4027e-10 2.3116e-09
58 5644.7 2.4416e-05 5.7335e-13 6.1816e-11 6.4046e-10 2.3134e-09
59 5844.7 2.3889e-05 5.733e-13 6.1824e-11 6.4064e-10 2.3151e-09
60 6044.7 2.3392e-05 5.7325e-13 6.1831e-11 6.4081e-10 2.3167e-09
61 6244.7 2.2922e-05 5.7321e-13 6.1838e-11 6.4097e-10 2.3182e-09
62 6444.7 2.2476e-05 5.7316e-13 6.1844e-11 6.4113e-10 2.3197e-09
63 6644.7 2.2053e-05 5.7313e-13 6.185e-11 6.4127e-10 2.321e-09
64 6844.7 2.165e-05 5.7309e-13 6.1856e-11 6.4141e-10 2.3223e-09
65 7044.7 2.1266e-05 5.7306e-13 6.1861e-11 6.4155e-10 2.3236e-09
66 7244.7 2.09e-05 5.7303e-13 6.1866e-11 6.4167e-10 2.3248e-09
67 7444.7 2.0551e-05 5.73e-13 6.1871e-11 6.4179e-10 2.3259e-09
68 7644.7 2.0216e-05 5.7298e-13 6.1876e-11 6.4191e-10 2.327e-09
69 7844.7 1.9896e-05 5.7295e-13 6.188e-11 6.4202e-10 2.3281e-09
70 8044.7 1.9589e-05 5.7293e-13 6.1885e-11 6.4213e-10 2.3291e-09
71 8244.7 1.9295e-05 5.7291e-13 6.1889e-11 6.4223e-10 2.33e-09
72 8444.7 1.9012e-05 5.7289e-13 6.1893e-11 6.4233e-10 2.331e-09
73 8644.7 1.874e-05 5.7287e-13 6.1897e-11 6.4242e-10 2.3319e-09
74 8844.7 1.8478e-05 5.7285e-13 6.19e-11 6.4251e-10 2.3327e-09
75 9044.7 1.8226e-05 5.7284e-13 6.1904e-11 6.426e-10 2.3335e-09
76 9244.7 1.7983e-05 5.7282e-13 6.1907e-11 6.4268e-10 2.3343e-09
77 9444.7 1.7748e-05 5.7281e-13 6.1911e-11 6.4276e-10 2.3351e-09
78 9644.7 1.7521e-05 5.7279e-13 6.1914e-11 6.4284e-10 2.3359e-09
79 9844.7 1.7303e-05 5.7278e-13 6.1917e-11 6.4291e-10 2.3366e-09
80 10045 1.7091e-05 5.7277e-13 6.192e-11 6.4299e-10 2.3373e-09
81 10245 1.6886e-05 5.7276e-13 6.1923e-11 6.4306e-10 2.3379e-09
82 10445 1.6688e-05 5.7274e-13 6.1925e-11 6.4312e-10 2.3386e-09
83 10645 1.6495e-05 5.7273e-13 6.1928e-11 6.4319e-10 2.3392e-09
84 10845 1.6309e-05 5.7272e-13 6.193e-11 6.4325e-10 2.3398e-09
85 11045 1.6128e-05 5.7271e-13 6.1933e-11 6.4331e-10 2.3404e-09
86 11245 1.5953e-05 5.7271e-13 6.1935e-11 6.4337e-10 2.341e-09
87 11445 1.5782e-05 5.727e-13 6.1938e-11 6.4343e-10 2.3416e-09
88 11645 1.5617e-05 5.7269e-13 6.194e-11 6.4348e-10 2.3421e-09
89 11845 1.5456e-05 5.7268e-13 6.1942e-11 6.4354e-10 2.3426e-09
90 12045 1.5299e-05 5.7267e-13 6.1944e-11 6.4359e-10 2.3431e-09
91 12245 1.5147e-05 5.7266e-13 6.1946e-11 6.4364e-10 2.3436e-09
92 12445 1.4998e-05 5.7266e-13 6.1948e-11 6.4369e-10 2.3441e-09
93 12645 1.4854e-05 5.7265e-13 6.195e-11 6.4374e-10 2.3446e-09
94 12845 1.4713e-05 5.7264e-13 6.1952e-11 6.4378e-10 2.345e-09
95 13045 1.4576e-05 5.7264e-13 6.1954e-11 6.4383e-10 2.3455e-09
96 13245 1.4442e-05 5.7263e-13 6.1955e-11 6.4387e-10 2.3459e-09
97 13445 1.4312e-05 5.7263e-13 6.1957e-11 6.4392e-10 2.3463e-09
98 13645 1.4184e-05 5.7262e-13 6.1959e-11 6.4396e-10 2.3467e-09
99 13845 1.406e-05 5.7261e-13 6.196e-11 6.44e-10 2.3471e-09
100 14045 1.3938e-05 5.7261e-13 6.1962e-11 6.4404e-10 2.3475e-09
101 14245 1.382e-05 5.726e-13 6.1963e-11 6.4408e-10 2.3479e-09
102 14445 1.3704e-05 5.726e-13 6.1965e-11 6.4411e-10 2.3483e-09
103 14645 1.3591e-05 5.7259e-13 6.1966e-11 6.4415e-10 2.3486e-09
104 14845 1.348e-05 5.7259e-13 6.1968e-11 6.4418e-10 2.349e-09
105 15045 1.3371e-05 5.7259e-13 6.1969e-11 6.4422e-10 2.3493e-09
106 15245 1.3265e-05 5.7258e-13 6.197e-11 6.4425e-10 2.3497e-09
107 15445 1.3162e-05 5.7258e-13 6.1972e-11 6.4429e-10 2.35e-09
108 15645 1.306e-05 5.7257e-13 6.1973e-11 6.4432e-10 2.3503e-09
109 15845 1.296e-05 5.7257e-13 6.1974e-11 6.4435e-10 2.3506e-09
110 16045 1.2863e-05 5.7257e-13 6.1975e-11 6.4438e-10 2.351e-09
111 16245 1.2767e-05 5.7256e-13 6.1976e-11 6.4441e-10 2.3513e-09
112 16445 1.2674e-05 5.7256e-13 6.1977e-11 6.4444e-10 2.3515e-09
113 16645 1.2582e-05 5.7255e-13 6.1979e-11 6.4447e-10 2.3518e-09
114 16845 1.2492e-05 5.7255e-13 6.198e-11 6.4449e-10 2.3521e-09
115 17045 1.2404e-05 5.7255e-13 6.1981e-11 6.4452e-10 2.3524e-09
116 17245 1.2317e-05 5.7254e-13 6.1982e-11 6.4455e-10 2.3527e-09
117 17445 1.2232e-05 5.7254e-13 6.1983e-11 6.4457e-10 2.3529e-09
118 17645 1.2149e-05 5.7254e-13 6.1984e-11 6.446e-10 2.3532e-09
119 17845 1.2067e-05 5.7254e-13 6.1985e-11 6.4462e-10 2.3534e-09
120 18045 1.1987e-05 5.7253e-13 6.1985e-11 6.4465e-10 2.3537e-09
121 18245 1.1908e-05 5.7253e-13 6.1986e-11 6.4467e-10 2.3539e-09
122 18445 1.1831e-05 5.7253e-13 6.1987e-11 6.4469e-10 2.3542e-09
123 18645 1.1755e-05 5.7252e-13 6.1988e-11 6.4471e-10 2.3544e-09
124 18845 1.168e-05 5.7252e-13 6.1989e-11 6.4474e-10 2.3546e-09
125 19045 1.1606e-05 5.7252e-13 6.199e-11 6.4476e-10 2.3548e-09
126 19245 1.1534e-05 5.7252e-13 6.1991e-11 6.4478e-10 2.3551e-09
127 19445 1.1463e-05 5.7251e-13 6.1991e-11 6.448e-10 2.3553e-09
128 19645 1.1393e-05 5.7251e-13 6.1992e-11 6.4482e-10 2.3555e-09
129 19822 1.1332e-05 5.7251e-13 6.1993e-11 6.4484e-10 2.3557e-09
130 20000 1.1272e-05 5.7251e-13 6.1993e-11 6.4485e-10 2.3559e-09
